120 0 0.966670
120 1 1.167923
120 2 1.483146
120 3 1.490751
120 4 1.730701
120 5 1.733729
120 6 1.313303
120 7 1.635792
120 8 1.950597
120 9 1.687442
120 10 1.245749
120 11 1.976655
120 12 2.196881
120 13 1.748417
120 14 1.533863
120 15 2.246543
120 16 2.357572
120 17 1.898464
120 18 2.394456
120 19 2.506313
120 20 2.160059
120 21 2.360265
120 22 2.437728
120 23 2.875206
120 24 2.936838
120 25 3.028367
120 26 2.705223
120 27 2.560441
120 28 2.784505
120 29 2.670829
120 30 2.330294
120 31 2.407856
120 32 2.583313
120 33 2.381703
120 34 2.080158
120 35 2.207230
120 36 1.770630
120 37 2.159895
120 38 2.278236
120 39 2.008152
120 40 1.747221
120 41 1.945343
120 42 1.957237
120 43 1.607335
120 44 1.389797
120 45 1.778388
120 46 1.709557
120 47 1.353638
120 48 1.459729
120 49 1.624585
120 50 1.308934
120 51 1.025061
120 52 1.198835
120 53 1.490715
120 54 1.592111
120 55 1.230403
120 56 1.573588
120 57 3.757358
120 58 3.667321
120 59 2.942435
120 60 2.894515
120 61 3.077469
120 62 2.713858
120 63 2.804245
120 64 2.814617
120 65 2.407453
120 66 2.865346
120 67 3.121293
120 68 2.871425
120 69 3.017596
120 70 3.381283
120 71 3.460307
120 72 3.292533
120 73 3.629961
120 74 3.899140
120 75 3.877167
120 76 3.878844
120 77 4.184094
120 78 4.362558
120 79 4.281459
120 80 4.541705
120 81 4.432269
120 82 4.798392
120 83 4.930770
120 84 4.789041
120 85 4.452913
120 86 4.443278
120 87 4.485908
120 88 4.241760
120 89 4.003077
120 90 4.091516
120 91 4.036084
120 92 3.731868
120 93 3.571710
120 94 3.702953
120 95 3.602409
120 96 4.059053
120 97 4.367255
120 98 4.262616
120 99 3.704782
120 100 3.997748
120 101 4.268277
120 102 3.995064
120 103 3.450546
120 104 4.002892
120 105 4.085711
120 106 3.728483
120 107 3.530596
120 108 3.956460
120 109 3.847190
120 110 3.092048
120 111 3.743882
120 112 3.962767
120 113 3.563446
120 114 3.447570
120 115 3.871779
120 116 3.595967
120 117 3.792869
120 118 3.852624
120 119 3.179606
121 0 0.888070
121 1 1.021896
121 2 1.249426
121 3 1.204951
121 4 1.414178
121 5 1.328690
121 6 0.900568
121 7 1.196112
121 8 1.473354
121 9 1.263341
121 10 0.699114
121 11 1.454664
121 12 1.666644
121 13 1.334398
121 14 1.210069
121 15 1.834691
121 16 1.972726
121 17 1.607913
121 18 2.094251
121 19 2.112525
121 20 1.754399
121 21 1.998976
121 22 1.931073
121 23 2.394153
121 24 2.514009
121 25 2.573923
121 26 2.236121
121 27 2.121343
121 28 2.387411
121 29 2.244877
121 30 1.844351
121 31 2.035346
121 32 2.223459
121 33 2.018407
121 34 1.676743
121 35 1.942969
121 36 1.438113
121 37 1.861000
121 38 1.942818
121 39 1.715019
121 40 1.436127
121 41 1.531679
121 42 1.570376
121 43 1.230178
121 44 0.921072
121 45 1.328854
121 46 1.256366
121 47 0.921860
121 48 1.016912
121 49 1.224266
121 50 1.063805
121 51 0.609874
121 52 0.825724
121 53 1.216558
121 54 1.376725
121 55 1.019762
121 56 1.343311
121 57 3.339549
121 58 3.224340
121 59 2.467774
121 60 2.460325
121 61 2.687707
121 62 2.328390
121 63 2.527086
121 64 2.570521
121 65 2.167416
121 66 2.637514
121 67 2.885531
121 68 2.624639
121 69 2.792449
121 70 3.143375
121 71 3.219457
121 72 3.053733
121 73 3.384738
121 74 3.654724
121 75 3.650572
121 76 3.638219
121 77 3.938101
121 78 4.120020
121 79 4.063827
121 80 4.308771
121 81 4.190313
121 82 4.555712
121 83 4.697107
121 84 4.557043
121 85 4.218768
121 86 4.200830
121 87 4.261081
121 88 4.017296
121 89 3.776429
121 90 3.840786
121 91 3.822975
121 92 3.516744
121 93 3.322941
121 94 3.436999
121 95 3.294371
121 96 3.742047
121 97 4.057924
121 98 3.912062
121 99 3.345033
121 100 3.722023
121 101 3.953262
121 102 3.638796
121 103 3.163929
121 104 3.704640
121 105 3.777668
121 106 3.431473
121 107 3.321902
121 108 3.703544
121 109 3.560054
121 110 2.877389
121 111 3.532092
121 112 3.749105
121 113 3.280896
121 114 3.234200
121 115 3.639391
121 116 3.335788
121 117 3.537774
121 118 3.533041
121 119 2.878679
122 0 0.590084
122 1 0.558829
122 2 0.903745
122 3 1.016797
122 4 1.211827
122 5 1.033056
122 6 0.681903
122 7 0.980222
122 8 1.241619
122 9 0.874450
122 10 0.453338
122 11 1.207364
122 12 1.423612
122 13 1.125201
122 14 0.987133
122 15 1.600362
122 16 1.747677
122 17 1.416640
122 18 1.903793
122 19 1.897739
122 20 1.539283
122 21 1.779326
122 22 1.649213
122 23 2.044539
122 24 2.114394
122 25 2.183057
122 26 1.873188
122 27 1.736135
122 28 1.938424
122 29 1.857842
122 30 1.515456
122 31 1.566000
122 32 1.769192
122 33 1.648688
122 34 1.298456
122 35 1.429741
122 36 0.948114
122 37 1.310417
122 38 1.424253
122 39 1.177609
122 40 0.911307
122 41 1.103728
122 42 1.160311
122 43 0.843025
122 44 0.606322
122 45 0.991417
122 46 0.998331
122 47 0.632038
122 48 0.776028
122 49 0.992075
122 50 0.845737
122 51 0.383601
122 52 0.636276
122 53 1.062956
122 54 1.276778
122 55 1.115268
122 56 1.298603
122 57 2.950121
122 58 2.885968
122 59 2.162346
122 60 2.201321
122 61 2.461574
122 62 2.106273
122 63 2.341963
122 64 2.392936
122 65 2.116806
122 66 2.561891
122 67 2.692670
122 68 2.443248
122 69 2.823447
122 70 3.090704
122 71 3.047606
122 72 2.877443
122 73 3.306417
122 74 3.572217
122 75 3.451605
122 76 3.546455
122 77 3.837391
122 78 3.948454
122 79 3.847338
122 80 4.087908
122 81 4.034801
122 82 4.379422
122 83 4.513540
122 84 4.418395
122 85 4.081947
122 86 4.013219
122 87 4.078974
122 88 3.883265
122 89 3.606797
122 90 3.649289
122 91 3.647109
122 92 3.375248
122 93 3.135425
122 94 3.241034
122 95 3.083618
122 96 3.524825
122 97 3.843277
122 98 3.707918
122 99 3.114697
122 100 3.531960
122 101 3.758230
122 102 3.412952
122 103 2.959513
122 104 3.489821
122 105 3.529363
122 106 3.174761
122 107 3.073925
122 108 3.438789
122 109 3.270114
122 110 2.603113
122 111 3.235167
122 112 3.448441
122 113 2.959734
122 114 2.985440
122 115 3.362239
122 116 3.088967
122 117 3.298380
122 118 3.303818
122 119 2.636823
123 0 0.478773
123 1 0.343677
123 2 0.685933
123 3 0.798895
123 4 0.964301
123 5 0.797682
123 6 0.445540
123 7 0.875167
123 8 1.097441
123 9 0.661898
123 10 0.717763
123 11 1.218905
123 12 1.351597
123 13 1.084196
123 14 1.217316
123 15 1.643794
123 16 1.715095
123 17 1.541646
123 18 1.931028
123 19 1.801090
123 20 1.419491
123 21 1.613540
123 22 1.402530
123 23 1.808223
123 24 1.823489
123 25 1.956339
123 26 1.640730
123 27 1.503612
123 28 1.689443
123 29 1.653564
123 30 1.297100
123 31 1.317561
123 32 1.530895
123 33 1.427567
123 34 1.090021
123 35 1.094401
123 36 0.727056
123 37 0.849145
123 38 1.080341
123 39 0.801314
123 40 0.471174
123 41 0.827486
123 42 0.880313
123 43 0.556049
123 44 0.363139
123 45 0.761154
123 46 0.828175
123 47 0.389518
123 48 0.698275
123 49 0.968262
123 50 0.554442
123 51 0.252838
123 52 0.793337
123 53 1.246031
123 54 1.417308
123 55 1.442803
123 56 1.586696
123 57 2.649044
123 58 2.621662
123 59 1.937109
123 60 1.956397
123 61 2.290138
123 62 1.957622
123 63 2.266856
123 64 2.392206
123 65 2.113754
123 66 2.606072
123 67 2.661218
123 68 2.330894
123 69 2.772025
123 70 3.045852
123 71 2.923704
123 72 2.759260
123 73 3.240488
123 74 3.497222
123 75 3.305071
123 76 3.469251
123 77 3.747613
123 78 3.809290
123 79 3.682964
123 80 3.914377
123 81 3.902924
123 82 4.229187
123 83 4.403867
123 84 4.352342
123 85 4.000548
123 86 3.923825
123 87 4.044354
123 88 3.878463
123 89 3.536241
123 90 3.611682
123 91 3.652365
123 92 3.410286
123 93 3.118159
123 94 3.203292
123 95 2.994021
123 96 3.412672
123 97 3.715573
123 98 3.493626
123 99 2.961008
123 100 3.384859
123 101 3.537865
123 102 3.165147
123 103 2.786542
123 104 3.286451
123 105 3.279055
123 106 2.926161
123 107 2.899575
123 108 3.215992
123 109 2.979321
123 110 2.418427
123 111 3.009257
123 112 3.208711
123 113 2.694808
123 114 2.795259
123 115 3.157490
123 116 2.927732
123 117 3.144388
123 118 3.159386
123 119 2.487186
124 0 0.833534
124 1 0.332322
124 2 0.906461
124 3 1.276765
124 4 1.349904
124 5 1.006704
124 6 1.010910
124 7 1.347424
124 8 1.437910
124 9 0.808551
124 10 1.355038
124 11 1.631371
124 12 1.596208
124 13 1.452613
124 14 1.746740
124 15 2.032991
124 16 1.963183
124 17 1.845462
124 18 2.145938
124 19 1.953933
124 20 1.528626
124 21 1.518669
124 22 1.433046
124 23 1.667181
124 24 1.601722
124 25 1.775873
124 26 1.541747
124 27 1.292456
124 28 1.490569
124 29 1.532039
124 30 1.221403
124 31 1.119882
124 32 1.361666
124 33 1.425981
124 34 1.018070
124 35 0.957905
124 36 0.676870
124 37 0.648515
124 38 0.838332
124 39 0.570423
124 40 0.299519
124 41 0.604114
124 42 0.756502
124 43 0.370784
124 44 0.579053
124 45 0.856808
124 46 0.653833
124 47 0.299323
124 48 0.813767
124 49 1.013118
124 50 0.302246
124 51 0.325985
124 52 1.152399
124 53 1.368795
124 54 1.292521
124 55 1.417916
124 56 1.790401
124 57 2.450259
124 58 2.454199
124 59 1.793100
124 60 1.692887
124 61 2.083261
124 62 1.761936
124 63 2.045612
124 64 2.202709
124 65 1.940314
124 66 2.414307
124 67 2.466077
124 68 2.090277
124 69 2.559976
124 70 2.834018
124 71 2.669956
124 72 2.525570
124 73 3.025432
124 74 3.274015
124 75 3.061061
124 76 3.260307
124 77 3.526322
124 78 3.558903
124 79 3.434082
124 80 3.649141
124 81 3.637387
124 82 3.961659
124 83 4.141775
124 84 4.099900
124 85 3.748019
124 86 3.677835
124 87 3.822820
124 88 3.659362
124 89 3.285469
124 90 3.436213
124 91 3.513970
124 92 3.247772
124 93 2.965587
124 94 3.095806
124 95 2.784379
124 96 3.207536
124 97 3.455476
124 98 3.225818
124 99 2.755546
124 100 3.121512
124 101 3.240906
124 102 2.871073
124 103 2.514219
124 104 3.000327
124 105 2.982652
124 106 2.633147
124 107 2.647174
124 108 2.938389
124 109 2.686258
124 110 2.168913
124 111 2.748857
124 112 2.949035
124 113 2.417046
124 114 2.578222
124 115 2.914713
124 116 2.692680
124 117 2.910905
124 118 2.900960
124 119 2.248979
125 0 1.407763
125 1 0.945648
125 2 1.486013
125 3 1.877324
125 4 1.951318
125 5 1.590867
125 6 1.598465
125 7 1.918030
125 8 1.946720
125 9 1.394639
125 10 1.676140
125 11 2.002879
125 12 1.820009
125 13 1.513190
125 14 1.902514
125 15 2.206558
125 16 1.990566
125 17 1.938837
125 18 2.137815
125 19 1.913433
125 20 1.497949
125 21 1.402246
125 22 1.549933
125 23 1.835080
125 24 1.613116
125 25 2.019627
125 26 1.874269
125 27 1.356133
125 28 1.720755
125 29 1.892895
125 30 1.666191
125 31 1.419883
125 32 1.709041
125 33 1.900818
125 34 1.492068
125 35 1.359826
125 36 1.161618
125 37 0.774515
125 38 0.954068
125 39 0.366801
125 40 0.690289
125 41 0.965004
125 42 0.813750
125 43 0.414430
125 44 0.815812
125 45 0.936126
125 46 0.525691
125 47 0.416228
125 48 0.911303
125 49 1.041467
125 50 0.390562
125 51 0.646161
125 52 1.332517
125 53 1.502579
125 54 1.368771
125 55 1.586710
125 56 1.944662
125 57 2.193279
125 58 2.273258
125 59 1.704487
125 60 1.460494
125 61 1.904405
125 62 1.614044
125 63 1.942262
125 64 2.130016
125 65 1.931839
125 66 2.376201
125 67 2.359074
125 68 1.983111
125 69 2.486683
125 70 2.758004
125 71 2.534207
125 72 2.407954
125 73 2.934280
125 74 3.170106
125 75 2.907045
125 76 3.146365
125 77 3.413413
125 78 3.405250
125 79 3.254060
125 80 3.469139
125 81 3.457381
125 82 3.788922
125 83 3.973703
125 84 3.956805
125 85 3.607267
125 86 3.520197
125 87 3.687952
125 88 3.547918
125 89 3.148363
125 90 3.309263
125 91 3.417866
125 92 3.168172
125 93 2.862757
125 94 2.963847
125 95 2.631634
125 96 3.012373
125 97 3.255756
125 98 3.006972
125 99 2.567308
125 100 2.927696
125 101 3.021578
125 102 2.628509
125 103 2.344767
125 104 2.799042
125 105 2.750451
125 106 2.399003
125 107 2.482042
125 108 2.733249
125 109 2.434760
125 110 2.015979
125 111 2.555682
125 112 2.699922
125 113 2.130860
125 114 2.410239
125 115 2.664678
125 116 2.436343
125 117 2.686743
125 118 2.627105
125 119 2.028024
126 0 1.927347
126 1 1.447866
126 2 2.076824
126 3 2.353014
126 4 2.374166
126 5 2.037574
126 6 1.957276
126 7 2.251545
126 8 2.221097
126 9 1.680946
126 10 2.048418
126 11 2.298103
126 12 1.975172
126 13 1.753090
126 14 2.224113
126 15 2.446576
126 16 2.156669
126 17 2.140224
126 18 2.248595
126 19 1.998384
126 20 1.628108
126 21 1.429878
126 22 1.653123
126 23 1.894160
126 24 1.597875
126 25 2.103738
126 26 2.033922
126 27 1.371711
126 28 1.975022
126 29 2.193754
126 30 1.918822
126 31 1.858861
126 32 2.172683
126 33 2.372802
126 34 1.963319
126 35 2.013057
126 36 1.709899
126 37 1.365912
126 38 1.274981
126 39 0.839746
126 40 1.189381
126 41 1.255385
126 42 0.959780
126 43 0.638030
126 44 1.068463
126 45 1.147834
126 46 0.675206
126 47 0.797851
126 48 1.224981
126 49 1.115549
126 50 0.699235
126 51 1.043075
126 52 1.651657
126 53 1.759913
126 54 1.517534
126 55 1.857795
126 56 2.201294
126 57 1.954590
126 58 2.123659
126 59 1.651837
126 60 1.278282
126 61 1.798650
126 62 1.565066
126 63 1.872592
126 64 2.102901
126 65 1.956886
126 66 2.387768
126 67 2.312639
126 68 1.902195
126 69 2.421839
126 70 2.687921
126 71 2.406154
126 72 2.224109
126 73 2.788040
126 74 3.014307
126 75 2.626691
126 76 2.930458
126 77 3.197857
126 78 3.168392
126 79 2.955817
126 80 3.203399
126 81 3.241431
126 82 3.583168
126 83 3.796943
126 84 3.809812
126 85 3.463238
126 86 3.333529
126 87 3.571022
126 88 3.455620
126 89 3.019418
126 90 3.220220
126 91 3.365892
126 92 3.132714
126 93 2.814035
126 94 2.891248
126 95 2.524841
126 96 2.849201
126 97 3.057456
126 98 2.773314
126 99 2.425756
126 100 2.738610
126 101 2.771176
126 102 2.368978
126 103 2.167023
126 104 2.568439
126 105 2.454557
126 106 2.113527
126 107 2.219221
126 108 2.413499
126 109 2.074253
126 110 1.751325
126 111 2.193506
126 112 2.300324
126 113 1.746497
126 114 2.017233
126 115 2.263751
126 116 2.041282
126 117 2.260911
126 118 2.143045
126 119 1.662575
127 0 2.197443
127 1 1.669203
127 2 2.302040
127 3 2.588587
127 4 2.561304
127 5 2.211248
127 6 2.186957
127 7 2.445287
127 8 2.358600
127 9 1.826805
127 10 2.201956
127 11 2.439378
127 12 2.003591
127 13 1.850251
127 14 2.331611
127 15 2.528958
127 16 2.181627
127 17 2.118035
127 18 2.168480
127 19 1.910275
127 20 1.643127
127 21 1.373585
127 22 1.655436
127 23 1.840544
127 24 1.477438
127 25 2.028139
127 26 2.029683
127 27 1.304383
127 28 1.966112
127 29 2.207398
127 30 1.983684
127 31 1.922684
127 32 2.242482
127 33 2.462566
127 34 2.093174
127 35 2.178352
127 36 1.868876
127 37 1.542571
127 38 1.319869
127 39 0.918659
127 40 1.310323
127 41 1.353956
127 42 1.049072
127 43 0.786985
127 44 1.237785
127 45 1.255381
127 46 0.724100
127 47 1.038744
127 48 1.397080
127 49 1.121953
127 50 0.797468
127 51 1.255785
127 52 1.715193
127 53 1.771247
127 54 1.330987
127 55 1.796288
127 56 2.122990
127 57 1.666965
127 58 1.897897
127 59 1.525998
127 60 1.069336
127 61 1.621683
127 62 1.385177
127 63 1.626081
127 64 1.842182
127 65 1.644520
127 66 2.079370
127 67 2.060026
127 68 1.534157
127 69 2.040282
127 70 2.300540
127 71 2.028797
127 72 1.800976
127 73 2.372563
127 74 2.594043
127 75 2.194565
127 76 2.499185
127 77 2.766573
127 78 2.734930
127 79 2.539736
127 80 2.773151
127 81 2.843071
127 82 3.166226
127 83 3.417632
127 84 3.438035
127 85 3.086097
127 86 2.986137
127 87 3.238086
127 88 3.116255
127 89 2.660398
127 90 2.921553
127 91 3.086495
127 92 2.839922
127 93 2.521348
127 94 2.674507
127 95 2.274880
127 96 2.615121
127 97 2.747954
127 98 2.484728
127 99 2.212227
127 100 2.397764
127 101 2.408179
127 102 2.051041
127 103 1.772441
127 104 2.174275
127 105 2.050943
127 106 1.698714
127 107 1.783851
127 108 1.997925
127 109 1.684536
127 110 1.317135
127 111 1.783718
127 112 1.776427
127 113 1.257867
127 114 1.564837
127 115 1.659310
127 116 1.433389
127 117 1.684484
127 118 1.613490
127 119 1.095292
128 0 2.562168
128 1 2.006853
128 2 2.635657
128 3 2.918223
128 4 2.863550
128 5 2.512439
128 6 2.515839
128 7 2.741422
128 8 2.617180
128 9 2.111517
128 10 2.432954
128 11 2.639320
128 12 2.116507
128 13 1.954077
128 14 2.436141
128 15 2.609621
128 16 2.183813
128 17 2.112717
128 18 2.101656
128 19 1.796883
128 20 1.689815
128 21 1.313852
128 22 1.751626
128 23 1.908405
128 24 1.499254
128 25 2.082311
128 26 2.166892
128 27 1.404342
128 28 2.096691
128 29 2.356263
128 30 2.193805
128 31 2.125507
128 32 2.444549
128 33 2.681928
128 34 2.355281
128 35 2.442143
128 36 2.133291
128 37 1.789192
128 38 1.527604
128 39 1.142719
128 40 1.579532
128 41 1.612772
128 42 1.275158
128 43 1.109115
128 44 1.551880
128 45 1.437073
128 46 0.970794
128 47 1.305645
128 48 1.574648
128 49 1.226186
128 50 1.067442
128 51 1.541377
128 52 1.875678
128 53 1.840753
128 54 1.376141
128 55 1.932816
128 56 2.221373
128 57 1.400718
128 58 1.744362
128 59 1.533577
128 60 0.885091
128 61 1.423158
128 62 1.216457
128 63 1.427107
128 64 1.687380
128 65 1.587211
128 66 1.960207
128 67 1.873151
128 68 1.362654
128 69 1.878175
128 70 2.123741
128 71 1.793893
128 72 1.473390
128 73 2.084084
128 74 2.277521
128 75 1.697206
128 76 2.095886
128 77 2.351413
128 78 2.314850
128 79 1.985619
128 80 2.307887
128 81 2.489180
128 82 2.814018
128 83 3.101114
128 84 3.170440
128 85 2.824273
128 86 2.691936
128 87 2.962885
128 88 2.882934
128 89 2.409081
128 90 2.667605
128 91 2.856348
128 92 2.647814
128 93 2.301104
128 94 2.448246
128 95 2.032431
128 96 2.334983
128 97 2.444426
128 98 2.180489
128 99 1.913365
128 100 2.096573
128 101 2.080040
128 102 1.727179
128 103 1.506982
128 104 1.782879
128 105 1.630785
128 106 1.291906
128 107 1.352933
128 108 1.478076
128 109 1.206676
128 110 0.876952
128 111 1.230621
128 112 1.327829
128 113 0.818344
128 114 1.044977
128 115 1.306271
128 116 1.139634
128 117 1.420155
128 118 1.368469
128 119 0.868889
129 0 2.786819
129 1 2.222487
129 2 2.850830
129 3 2.983215
129 4 2.915855
129 5 2.563466
129 6 2.550199
129 7 2.749089
129 8 2.563939
129 9 2.162788
129 10 2.405792
129 11 2.567607
129 12 1.950079
129 13 1.867378
129 14 2.329521
129 15 2.431015
129 16 1.987396
129 17 1.925097
129 18 1.845251
129 19 1.488577
129 20 1.525119
129 21 1.094899
129 22 1.583481
129 23 1.784128
129 24 1.446990
129 25 2.036032
129 26 2.035489
129 27 1.360402
129 28 2.154335
129 29 2.400648
129 30 2.138008
129 31 2.285319
129 32 2.579046
129 33 2.784778
129 34 2.494340
129 35 2.681315
129 36 2.351958
129 37 2.039447
129 38 1.718251
129 39 1.431167
129 40 1.836936
129 41 1.687397
129 42 1.337191
129 43 1.362630
129 44 1.653792
129 45 1.416489
129 46 1.052443
129 47 1.418306
129 48 1.626090
129 49 1.130781
129 50 1.199743
129 51 1.684254
129 52 1.902184
129 53 1.752949
129 54 1.212522
129 55 1.890425
129 56 2.102598
129 57 1.147895
129 58 1.475016
129 59 1.293935
129 60 0.535725
129 61 1.045342
129 62 0.886542
129 63 1.060185
129 64 1.238560
129 65 1.141633
129 66 1.491729
129 67 1.388438
129 68 0.854046
129 69 1.296979
129 70 1.526411
129 71 1.236838
129 72 0.939432
129 73 1.524530
129 74 1.728305
129 75 1.323654
129 76 1.619437
129 77 1.887856
129 78 1.848886
129 79 1.683517
129 80 1.906500
129 81 1.989616
129 82 2.305399
129 83 2.578378
129 84 2.609210
129 85 2.256955
129 86 2.194935
129 87 2.436590
129 88 2.340619
129 89 1.863302
129 90 2.166002
129 91 2.367354
129 92 2.148703
129 93 1.782605
129 94 2.048250
129 95 1.588176
129 96 1.915583
129 97 2.018464
129 98 1.773063
129 99 1.503560
129 100 1.603262
129 101 1.628757
129 102 1.284630
129 103 0.959268
129 104 1.354558
129 105 1.248758
129 106 0.884500
129 107 0.904939
129 108 1.185291
129 109 0.945981
129 110 0.448237
129 111 1.008210
129 112 1.111819
129 113 0.575118
129 114 0.800468
129 115 1.090311
129 116 0.969709
129 117 1.234442
129 118 1.412980
129 119 0.797085
130 0 2.946467
130 1 2.371435
130 2 2.980036
130 3 3.065279
130 4 2.982892
130 5 2.638918
130 6 2.604472
130 7 2.739139
130 8 2.540138
130 9 2.223442
130 10 2.360314
130 11 2.456840
130 12 1.810925
130 13 1.781858
130 14 2.182762
130 15 2.188161
130 16 1.726142
130 17 1.629887
130 18 1.451692
130 19 1.114191
130 20 1.365374
130 21 0.867873
130 22 1.452479
130 23 1.603748
130 24 1.273559
130 25 1.849321
130 26 1.885141
130 27 1.276264
130 28 2.049062
130 29 2.300038
130 30 2.111010
130 31 2.262078
130 32 2.539484
130 33 2.752542
130 34 2.524750
130 35 2.724006
130 36 2.421983
130 37 2.089381
130 38 1.745286
130 39 1.621955
130 40 1.938931
130 41 1.759013
130 42 1.327898
130 43 1.539558
130 44 1.761985
130 45 1.458812
130 46 1.196509
130 47 1.523056
130 48 1.655315
130 49 1.161255
130 50 1.357244
130 51 1.671970
130 52 1.856596
130 53 1.555761
130 54 1.109208
130 55 1.798445
130 56 1.909568
130 57 0.837430
130 58 1.110760
130 59 0.967664
130 60 0.329199
130 61 0.604900
130 62 0.493874
130 63 0.512990
130 64 0.807686
130 65 0.948922
130 66 1.156253
130 67 0.929700
130 68 0.548844
130 69 1.059935
130 70 1.272005
130 71 0.862709
130 72 0.695723
130 73 1.278242
130 74 1.483276
130 75 1.118379
130 76 1.395796
130 77 1.665362
130 78 1.639007
130 79 1.462863
130 80 1.678272
130 81 1.691245
130 82 2.036412
130 83 2.241337
130 84 2.241405
130 85 1.896105
130 86 1.790264
130 87 2.016317
130 88 1.910888
130 89 1.454118
130 90 1.685265
130 91 1.868485
130 92 1.673359
130 93 1.326961
130 94 1.482339
130 95 1.042738
130 96 1.422193
130 97 1.557548
130 98 1.321370
130 99 1.025789
130 100 1.211912
130 101 1.258913
130 102 0.915991
130 103 0.631816
130 104 1.026168
130 105 1.010563
130 106 0.678760
130 107 0.705756
130 108 0.938566
130 109 0.680251
130 110 0.294693
130 111 0.796708
130 112 1.039828
130 113 0.542981
130 114 0.955438
130 115 1.244279
130 116 1.352553
130 117 1.607342
130 118 1.908160
130 119 1.372732
131 0 3.131774
131 1 2.542583
131 2 3.077403
131 3 3.095239
131 4 3.002685
131 5 2.678815
131 6 2.598752
131 7 2.705601
131 8 2.505736
131 9 2.192596
131 10 2.302107
131 11 2.377845
131 12 1.696210
131 13 1.736183
131 14 2.101033
131 15 2.067492
131 16 1.606987
131 17 1.496462
131 18 1.278818
131 19 0.972748
131 20 1.256998
131 21 0.815209
131 22 1.315858
131 23 1.370743
131 24 1.220818
131 25 1.667949
131 26 1.618735
131 27 1.327383
131 28 2.006439
131 29 2.207778
131 30 2.068083
131 31 2.319163
131 32 2.566689
131 33 2.733454
131 34 2.616934
131 35 2.835307
131 36 2.524364
131 37 2.216265
131 38 1.816451
131 39 1.809346
131 40 2.113767
131 41 1.883270
131 42 1.454142
131 43 1.807223
131 44 1.866056
131 45 1.506457
131 46 1.396810
131 47 1.677145
131 48 1.685527
131 49 1.174515
131 50 1.482448
131 51 1.746911
131 52 1.845812
131 53 1.463666
131 54 1.122027
131 55 1.750262
131 56 1.787523
131 57 0.433863
131 58 0.620017
131 59 0.579660
131 60 0.296813
131 61 0.349606
131 62 0.391273
131 63 0.303205
131 64 0.574752
131 65 0.749192
131 66 0.944687
131 67 0.684993
131 68 0.377458
131 69 0.885372
131 70 1.083724
131 71 0.654663
131 72 0.821896
131 73 1.259774
131 74 1.398349
131 75 1.162107
131 76 1.445270
131 77 1.697035
131 78 1.557923
131 79 1.369708
131 80 1.565939
131 81 1.482064
131 82 1.818898
131 83 1.944257
131 84 2.001902
131 85 1.657970
131 86 1.467401
131 87 1.739805
131 88 1.699403
131 89 1.227686
131 90 1.399522
131 91 1.609599
131 92 1.437228
131 93 1.103421
131 94 1.130505
131 95 0.750913
131 96 0.892960
131 97 1.142882
131 98 0.859009
131 99 0.509587
131 100 0.845471
131 101 0.953305
131 102 0.543139
131 103 0.397370
131 104 0.854716
131 105 0.742407
131 106 0.377306
131 107 0.636471
131 108 0.886043
131 109 0.719668
131 110 0.752766
131 111 1.024283
131 112 1.216802
131 113 0.788342
131 114 1.347211
131 115 1.588001
131 116 1.753478
131 117 2.052682
131 118 2.325543
131 119 1.893778
132 0 3.318382
132 1 2.682765
132 2 3.160296
132 3 3.185410
132 4 3.000554
132 5 2.703865
132 6 2.696129
132 7 2.752965
132 8 2.478308
132 9 2.251784
132 10 2.415944
132 11 2.382395
132 12 1.607792
132 13 1.926531
132 14 2.219209
132 15 2.049702
132 16 1.682922
132 17 1.735750
132 18 1.448264
132 19 0.928606
132 20 1.423162
132 21 1.103123
132 22 1.241083
132 23 1.251632
132 24 1.175485
132 25 1.544940
132 26 1.489504
132 27 1.327009
132 28 1.921293
132 29 2.060280
132 30 2.002539
132 31 2.290786
132 32 2.495378
132 33 2.629994
132 34 2.591007
132 35 2.843257
132 36 2.566645
132 37 2.299560
132 38 1.867165
132 39 2.025192
132 40 2.248146
132 41 1.962966
132 42 1.534536
132 43 1.975224
132 44 2.075388
132 45 1.749426
132 46 1.666437
132 47 2.023450
132 48 2.064078
132 49 1.425501
132 50 1.977654
132 51 2.255371
132 52 2.299970
132 53 1.871336
132 54 1.806417
132 55 2.337231
132 56 2.311303
132 57 0.294275
132 58 0.384650
132 59 0.437870
132 60 0.377001
132 61 0.344408
132 62 0.611402
132 63 0.237503
132 64 0.973481
132 65 1.304810
132 66 1.373975
132 67 0.845193
132 68 0.950317
132 69 1.388171
132 70 1.423590
132 71 0.957748
132 72 1.427173
132 73 1.686463
132 74 1.664796
132 75 1.383585
132 76 1.866529
132 77 2.078569
132 78 1.761132
132 79 1.453551
132 80 1.517477
132 81 1.440452
132 82 1.717832
132 83 1.776969
132 84 1.852926
132 85 1.576361
132 86 1.308107
132 87 1.554211
132 88 1.582059
132 89 1.187312
132 90 1.174917
132 91 1.414987
132 92 1.410505
132 93 1.025405
132 94 0.939215
132 95 0.577853
132 96 0.652716
132 97 0.952687
132 98 0.567292
132 99 0.297691
132 100 0.699143
132 101 0.863099
132 102 0.373153
132 103 0.670684
132 104 0.881628
132 105 0.707086
132 106 0.312286
132 107 0.837190
132 108 1.028444
132 109 0.676140
132 110 0.937867
132 111 1.219368
132 112 1.294322
132 113 0.874687
132 114 1.510421
132 115 1.724677
132 116 1.888194
132 117 2.209456
132 118 2.410363
132 119 2.118356
133 0 3.786674
133 1 3.142676
133 2 3.643469
133 3 3.701048
133 4 3.490714
133 5 3.198357
133 6 3.233829
133 7 3.296596
133 8 3.001674
133 9 2.806686
133 10 3.000324
133 11 2.943894
133 12 2.145757
133 13 2.527162
133 14 2.819392
133 15 2.619406
133 16 2.291211
133 17 2.359647
133 18 2.055480
133 19 1.545363
133 20 2.025604
133 21 1.692625
133 22 1.707944
133 23 1.624666
133 24 1.483349
133 25 1.791819
133 26 1.921033
133 27 1.737257
133 28 2.150190
133 29 2.314382
133 30 2.479594
133 31 2.640461
133 32 2.821639
133 33 3.004096
133 34 3.001136
133 35 3.211979
133 36 2.894306
133 37 2.644492
133 38 2.167925
133 39 2.298097
133 40 2.600559
133 41 2.428264
133 42 1.941028
133 43 2.401713
133 44 2.595463
133 45 2.283476
133 46 2.142685
133 47 2.551974
133 48 2.655722
133 49 1.973968
133 50 2.558797
133 51 2.838082
133 52 2.914907
133 53 2.491373
133 54 2.357610
133 55 2.929940
133 56 2.907827
133 57 0.399477
133 58 0.590754
133 59 0.812813
133 60 0.819098
133 61 0.930750
133 62 1.206598
133 63 0.729391
133 64 1.549189
133 65 1.875540
133 66 1.903647
133 67 1.358994
133 68 1.454412
133 69 1.888252
133 70 1.857848
133 71 1.333235
133 72 1.724597
133 73 2.010284
133 74 1.831345
133 75 1.452833
133 76 1.985545
133 77 2.163276
133 78 1.776052
133 79 1.444963
133 80 1.411377
133 81 1.339692
133 82 1.692973
133 83 1.652202
133 84 1.955961
133 85 1.747679
133 86 1.223833
133 87 1.442416
133 88 1.832427
133 89 1.478120
133 90 1.331254
133 91 1.660261
133 92 1.800297
133 93 1.396304
133 94 1.289281
133 95 1.036504
133 96 0.703230
133 97 0.911201
133 98 0.358670
133 99 0.581862
133 100 0.833972
133 101 0.737592
133 102 0.343042
133 103 0.720655
133 104 0.932124
133 105 0.474996
133 106 0.465352
133 107 0.963808
133 108 1.036102
133 109 0.770056
133 110 1.139168
133 111 1.407005
133 112 1.371988
133 113 1.152139
133 114 1.730605
133 115 1.903985
133 116 2.128813
133 117 2.375888
133 118 2.620256
133 119 2.420229
134 0 4.177858
134 1 3.520494
134 2 4.027264
134 3 4.189814
134 4 3.960807
134 5 3.673888
134 6 3.753756
134 7 3.830397
134 8 3.524536
134 9 3.288930
134 10 3.567437
134 11 3.523097
134 12 2.716333
134 13 3.123889
134 14 3.425157
134 15 3.247498
134 16 2.894988
134 17 3.030457
134 18 2.738845
134 19 2.191953
134 20 2.635778
134 21 2.296177
134 22 2.219172
134 23 2.126294
134 24 1.853129
134 25 2.176038
134 26 2.421963
134 27 2.189223
134 28 2.378222
134 29 2.705652
134 30 2.967553
134 31 2.965740
134 32 3.165928
134 33 3.392364
134 34 3.384024
134 35 3.515395
134 36 3.193115
134 37 2.940152
134 38 2.467766
134 39 2.608689
134 40 2.934534
134 41 2.853458
134 42 2.359388
134 43 2.771596
134 44 3.051139
134 45 2.813509
134 46 2.560970
134 47 3.016499
134 48 3.194940
134 49 2.517231
134 50 3.020850
134 51 3.305886
134 52 3.466935
134 53 3.108613
134 54 2.790174
134 55 3.444224
134 56 3.495058
134 57 0.716053
134 58 1.000661
134 59 1.290187
134 60 1.374622
134 61 1.565172
134 62 1.830049
134 63 1.337765
134 64 2.147280
134 65 2.397228
134 66 2.405311
134 67 2.033386
134 68 1.821425
134 69 2.250204
134 70 2.154981
134 71 1.656234
134 72 1.940259
134 73 2.231858
134 74 2.005157
134 75 1.561934
134 76 2.122941
134 77 2.266013
134 78 1.858417
134 79 1.480785
134 80 1.355297
134 81 1.451550
134 82 1.795293
134 83 1.667596
134 84 2.090012
134 85 1.998695
134 86 1.297923
134 87 1.679836
134 88 2.207321
134 89 1.862847
134 90 1.838428
134 91 2.198613
134 92 2.368909
134 93 1.963128
134 94 1.922806
134 95 1.681399
134 96 1.268941
134 97 1.281602
134 98 0.492341
134 99 1.139517
134 100 1.197930
134 101 0.901948
134 102 0.668231
134 103 0.997271
134 104 1.068754
134 105 0.491562
134 106 0.722609
134 107 1.149070
134 108 1.009457
134 109 0.909752
134 110 1.330329
134 111 1.579123
134 112 1.336828
134 113 1.322028
134 114 1.903153
134 115 1.981446
134 116 2.237150
134 117 2.387404
134 118 2.620492
134 119 2.580659
135 0 4.521930
135 1 3.871902
135 2 4.402881
135 3 4.645441
135 4 4.422772
135 5 4.129357
135 6 4.235823
135 7 4.349044
135 8 4.022220
135 9 3.734826
135 10 4.050515
135 11 4.053151
135 12 3.262717
135 13 3.524656
135 14 3.882651
135 15 3.759083
135 16 3.372726
135 17 3.386665
135 18 3.104980
135 19 2.618997
135 20 3.061095
135 21 2.659898
135 22 2.752157
135 23 2.682517
135 24 2.315984
135 25 2.679709
135 26 2.943214
135 27 2.645236
135 28 2.751379
135 29 3.242362
135 30 3.456941
135 31 3.371298
135 32 3.572963
135 33 3.827111
135 34 3.803222
135 35 3.892869
135 36 3.572752
135 37 3.304083
135 38 2.864248
135 39 2.891921
135 40 3.273950
135 41 3.260349
135 42 2.772471
135 43 3.093052
135 44 3.429368
135 45 3.220355
135 46 2.879193
135 47 3.338278
135 48 3.520314
135 49 2.851810
135 50 3.315564
135 51 3.630067
135 52 3.793463
135 53 3.433515
135 54 3.106462
135 55 3.763978
135 56 3.810607
135 57 1.123712
135 58 1.575879
135 59 1.855067
135 60 1.762378
135 61 1.944196
135 62 2.154752
135 63 1.632985
135 64 2.451502
135 65 2.696516
135 66 2.669735
135 67 2.312075
135 68 2.111245
135 69 2.513248
135 70 2.377172
135 71 1.892401
135 72 2.163149
135 73 2.437469
135 74 2.148599
135 75 1.711650
135 76 2.280257
135 77 2.364484
135 78 1.963541
135 79 1.576672
135 80 1.351748
135 81 1.546315
135 82 1.848713
135 83 1.628068
135 84 2.136727
135 85 2.114842
135 86 1.339830
135 87 1.813982
135 88 2.339560
135 89 2.060374
135 90 2.078442
135 91 2.387162
135 92 2.566806
135 93 2.193707
135 94 2.287882
135 95 1.976572
135 96 1.642428
135 97 1.440584
135 98 0.813053
135 99 1.394599
135 100 1.395349
135 101 1.008851
135 102 0.914714
135 103 1.248759
135 104 1.247187
135 105 0.670130
135 106 1.003593
135 107 1.371196
135 108 1.072194
135 109 1.023151
135 110 1.476058
135 111 1.703684
135 112 1.281422
135 113 1.474984
135 114 1.957935
135 115 1.920532
135 116 2.299167
135 117 2.365723
135 118 2.645324
135 119 2.710577
136 0 4.887678
136 1 4.248375
136 2 4.806761
136 3 4.944245
136 4 4.757043
136 5 4.443743
136 6 4.488872
136 7 4.591800
136 8 4.309876
136 9 4.040632
136 10 4.289237
136 11 4.273631
136 12 3.480004
136 13 3.770452
136 14 4.111442
136 15 3.955944
136 16 3.587231
136 17 3.604989
136 18 3.306068
136 19 2.826905
136 20 3.295517
136 21 2.910172
136 22 3.006150
136 23 2.982658
136 24 2.719777
136 25 3.101693
136 26 3.295411
136 27 2.940569
136 28 3.307368
136 29 3.672708
136 30 3.773742
136 31 3.833595
136 32 4.057025
136 33 4.289711
136 34 4.214818
136 35 4.342093
136 36 4.021543
136 37 3.737362
136 38 3.315797
136 39 3.277197
136 40 3.690719
136 41 3.587611
136 42 3.085980
136 43 3.429018
136 44 3.713490
136 45 3.481966
136 46 3.164999
136 47 3.619864
136 48 3.790152
136 49 3.119133
136 50 3.604614
136 51 3.902874
136 52 4.057858
136 53 3.672747
136 54 3.363484
136 55 4.013863
136 56 4.037991
136 57 1.464039
136 58 1.923597
136 59 2.130562
136 60 2.008527
136 61 2.170375
136 62 2.389594
136 63 1.821496
136 64 2.655263
136 65 2.899071
136 66 2.834599
136 67 2.471193
136 68 2.326806
136 69 2.697940
136 70 2.518709
136 71 2.042236
136 72 2.279340
136 73 2.566502
136 74 2.195253
136 75 1.731729
136 76 2.322811
136 77 2.336823
136 78 1.969033
136 79 1.573393
136 80 1.220571
136 81 1.580813
136 82 1.842356
136 83 1.480762
136 84 2.087627
136 85 2.133112
136 86 1.307031
136 87 1.754975
136 88 2.354064
136 89 2.153340
136 90 2.121677
136 91 2.436473
136 92 2.636652
136 93 2.303113
136 94 2.395642
136 95 2.065464
136 96 1.732088
136 97 1.490696
136 98 0.923793
136 99 1.505275
136 100 1.506145
136 101 1.057162
136 102 1.074315
136 103 1.426788
136 104 1.383546
136 105 0.818251
136 106 1.255145
136 107 1.521705
136 108 1.079670
136 109 1.144284
136 110 1.579928
136 111 1.759194
136 112 1.255028
136 113 1.657798
136 114 2.005357
136 115 1.845244
136 116 2.309964
136 117 2.332265
136 118 2.673407
136 119 2.793146
137 0 5.200694
137 1 4.558283
137 2 5.106946
137 3 5.231643
137 4 5.034754
137 5 4.728232
137 6 4.773122
137 7 4.862584
137 8 4.574953
137 9 4.329994
137 10 4.557567
137 11 4.525373
137 12 3.731043
137 13 4.043175
137 14 4.372276
137 15 4.184965
137 16 3.835596
137 17 3.826066
137 18 3.516257
137 19 3.072724
137 20 3.563781
137 21 3.172463
137 22 3.270246
137 23 3.227672
137 24 2.978024
137 25 3.340159
137 26 3.531685
137 27 3.227232
137 28 3.588571
137 29 3.890491
137 30 4.040536
137 31 4.108171
137 32 4.319484
137 33 4.547727
137 34 4.495395
137 35 4.659200
137 36 4.336239
137 37 4.065894
137 38 3.601169
137 39 3.655602
137 40 4.005755
137 41 3.886791
137 42 3.384525
137 43 3.743656
137 44 4.022429
137 45 3.768095
137 46 3.462408
137 47 3.888885
137 48 4.037676
137 49 3.407208
137 50 3.827543
137 51 4.117916
137 52 4.271895
137 53 3.879674
137 54 3.519249
137 55 4.175626
137 56 4.187099
137 57 1.756770
137 58 2.144819
137 59 2.383831
137 60 2.295089
137 61 2.437979
137 62 2.633680
137 63 2.013494
137 64 2.798338
137 65 2.956510
137 66 2.872056
137 67 2.546649
137 68 2.422492
137 69 2.704345
137 70 2.465389
137 71 2.064142
137 72 2.323306
137 73 2.478509
137 74 2.020377
137 75 1.737255
137 76 2.256138
137 77 2.202880
137 78 1.823156
137 79 1.488088
137 80 1.117369
137 81 1.401260
137 82 1.624764
137 83 1.290502
137 84 1.905732
137 85 2.014708
137 86 1.203759
137 87 1.694502
137 88 2.279973
137 89 2.140847
137 90 2.155925
137 91 2.454205
137 92 2.646107
137 93 2.365626
137 94 2.524976
137 95 2.181892
137 96 1.860786
137 97 1.550671
137 98 1.124377
137 99 1.660306
137 100 1.527137
137 101 1.072169
137 102 1.274786
137 103 1.523402
137 104 1.377177
137 105 0.848213
137 106 1.380684
137 107 1.606911
137 108 1.021771
137 109 1.357849
137 110 1.762989
137 111 1.912687
137 112 1.536489
137 113 1.947416
137 114 2.219003
137 115 2.029835
137 116 2.541876
137 117 2.539968
137 118 2.867574
137 119 3.049669
138 0 4.919960
138 1 4.295082
138 2 4.848604
138 3 4.898592
138 4 4.732545
138 5 4.421350
138 6 4.409584
138 7 4.485145
138 8 4.221630
138 9 3.975454
138 10 4.119795
138 11 4.101939
138 12 3.349926
138 13 3.596184
138 14 3.894016
138 15 3.703330
138 16 3.339114
138 17 3.294282
138 18 2.956863
138 19 2.577811
138 20 3.073865
138 21 2.729175
138 22 2.974209
138 23 2.969546
138 24 2.808536
138 25 3.163979
138 26 3.223078
138 27 2.978857
138 28 3.496938
138 29 3.689638
138 30 3.743057
138 31 3.952915
138 32 4.168125
138 33 4.357483
138 34 4.282394
138 35 4.504292
138 36 4.191512
138 37 3.905701
138 38 3.470918
138 39 3.508322
138 40 3.820426
138 41 3.611315
138 42 3.140296
138 43 3.502031
138 44 3.692181
138 45 3.381599
138 46 3.170444
138 47 3.542586
138 48 3.624662
138 49 3.037325
138 50 3.434116
138 51 3.708996
138 52 3.800853
138 53 3.377151
138 54 3.041078
138 55 3.664080
138 56 3.614913
138 57 1.706190
138 58 1.860235
138 59 2.102030
138 60 1.976200
138 61 1.978261
138 62 2.163887
138 63 1.493282
138 64 2.211442
138 65 2.324872
138 66 2.195271
138 67 1.881377
138 68 1.871002
138 69 2.018577
138 70 1.748956
138 71 1.401340
138 72 1.673236
138 73 1.769741
138 74 1.282184
138 75 1.186365
138 76 1.604896
138 77 1.542751
138 78 1.133195
138 79 0.885689
138 80 0.631923
138 81 0.645793
138 82 0.847153
138 83 0.394192
138 84 1.029851
138 85 1.206437
138 86 0.395020
138 87 0.787200
138 88 1.444070
138 89 1.400472
138 90 1.368442
138 91 1.656356
138 92 1.868807
138 93 1.658229
138 94 1.840955
138 95 1.465521
138 96 1.199699
138 97 0.859235
138 98 0.753560
138 99 1.081225
138 100 0.879634
138 101 0.438290
138 102 0.770717
138 103 1.011426
138 104 0.805387
138 105 0.394909
138 106 1.019879
138 107 1.189971
138 108 0.552902
138 109 1.230031
138 110 1.507239
138 111 1.518643
138 112 1.518302
138 113 1.819585
138 114 2.021707
138 115 1.925294
138 116 2.406991
138 117 2.566769
138 118 2.916149
138 119 2.887280
139 0 4.735713
139 1 4.120100
139 2 4.680311
139 3 4.726067
139 4 4.577827
139 5 4.260891
139 6 4.233624
139 7 4.317082
139 8 4.066736
139 9 3.803671
139 10 3.937565
139 11 3.938735
139 12 3.204994
139 13 3.401644
139 14 3.713964
139 15 3.543287
139 16 3.159524
139 17 3.099076
139 18 2.775736
139 19 2.406723
139 20 2.877024
139 21 2.513718
139 22 2.847306
139 23 2.860694
139 24 2.625009
139 25 3.016041
139 26 3.112762
139 27 2.819175
139 28 3.316317
139 29 3.585371
139 30 3.605458
139 31 3.749408
139 32 3.975520
139 33 4.199948
139 34 4.111987
139 35 4.292392
139 36 3.971775
139 37 3.689439
139 38 3.238689
139 39 3.254227
139 40 3.602725
139 41 3.447411
139 42 2.966332
139 43 3.308833
139 44 3.501590
139 45 3.178201
139 46 2.975412
139 47 3.330735
139 48 3.403670
139 49 2.843720
139 50 3.189543
139 51 3.467524
139 52 3.568626
139 53 3.157540
139 54 2.806090
139 55 3.435091
139 56 3.401564
139 57 1.415733
139 58 1.793302
139 59 1.999011
139 60 1.840072
139 61 1.796065
139 62 1.954806
139 63 1.312604
139 64 1.996757
139 65 2.127218
139 66 2.017820
139 67 1.696584
139 68 1.645397
139 69 1.811136
139 70 1.547862
139 71 1.212683
139 72 1.458500
139 73 1.545331
139 74 1.073793
139 75 0.945763
139 76 1.361915
139 77 1.311502
139 78 0.927240
139 79 0.637437
139 80 0.392906
139 81 0.515637
139 82 0.738365
139 83 0.885449
139 84 1.147880
139 85 1.139419
139 86 0.526913
139 87 1.100130
139 88 1.461624
139 89 1.256841
139 90 1.384317
139 91 1.661902
139 92 1.821337
139 93 1.536504
139 94 1.756843
139 95 1.424451
139 96 1.122600
139 97 0.810416
139 98 0.764143
139 99 0.928291
139 100 0.680340
139 101 0.330786
139 102 0.581064
139 103 0.775478
139 104 0.605262
139 105 0.279689
139 106 0.783547
139 107 0.966981
139 108 0.350663
139 109 0.841005
139 110 1.122211
139 111 1.148541
139 112 0.922180
139 113 1.306617
139 114 1.531080
139 115 1.347178
139 116 1.866180
139 117 1.970243
139 118 2.348401
139 119 2.387417
140 0 4.540353
140 1 3.921893
140 2 4.502348
140 3 4.622545
140 4 4.469126
140 5 4.143064
140 6 4.151632
140 7 4.272038
140 8 4.021656
140 9 3.735570
140 10 3.925702
140 11 3.955061
140 12 3.201540
140 13 3.371374
140 14 3.737928
140 15 3.631018
140 16 3.214924
140 17 3.169554
140 18 2.886380
140 19 2.464927
140 20 2.908126
140 21 2.483354
140 22 2.745689
140 23 2.765225
140 24 2.492890
140 25 2.932657
140 26 3.071968
140 27 2.660204
140 28 3.233620
140 29 3.523600
140 30 3.506450
140 31 3.604800
140 32 3.848159
140 33 4.077737
140 34 3.955173
140 35 4.128889
140 36 3.809726
140 37 3.510788
140 38 3.081980
140 39 3.035624
140 40 3.402776
140 41 3.278032
140 42 2.784822
140 43 3.076236
140 44 3.356261
140 45 3.071738
140 46 2.776548
140 47 3.177759
140 48 3.324088
140 49 2.725129
140 50 3.082199
140 51 3.382035
140 52 3.548392
140 53 3.182026
140 54 2.763370
140 55 3.431144
140 56 3.468232
140 57 1.284471
140 58 1.759121
140 59 1.897352
140 60 1.693182
140 61 1.808072
140 62 1.956095
140 63 1.408741
140 64 2.113561
140 65 2.214549
140 66 2.186731
140 67 1.862408
140 68 1.695402
140 69 1.933151
140 70 1.746744
140 71 1.419569
140 72 1.433505
140 73 1.712494
140 74 1.395643
140 75 0.817942
140 76 1.426887
140 77 1.428451
140 78 1.083433
140 79 0.710336
140 80 0.377259
140 81 0.930833
140 82 1.253649
140 83 1.430016
140 84 1.720528
140 85 1.614948
140 86 1.055108
140 87 1.618902
140 88 1.957374
140 89 1.629717
140 90 1.813080
140 91 2.091077
140 92 2.185366
140 93 1.869453
140 94 2.065970
140 95 1.695911
140 96 1.452599
140 97 1.203630
140 98 0.831396
140 99 1.109217
140 100 0.983824
140 101 0.658313
140 102 0.699662
140 103 0.866767
140 104 0.566740
140 105 0.332499
140 106 0.631135
140 107 0.772427
140 108 0.282614
140 109 0.582718
140 110 0.894670
140 111 0.935904
140 112 0.512827
140 113 1.049241
140 114 1.298062
140 115 1.084661
140 116 1.564249
140 117 1.566919
140 118 1.929906
140 119 2.083318
141 0 4.232565
141 1 3.615860
141 2 4.206380
141 3 4.351336
141 4 4.204400
141 5 3.871622
141 6 3.896983
141 7 4.033986
141 8 3.779561
141 9 3.460125
141 10 3.716458
141 11 3.756007
141 12 2.990821
141 13 3.165657
141 14 3.552260
141 15 3.481623
141 16 3.059254
141 17 3.039862
141 18 2.784803
141 19 2.322140
141 20 2.718467
141 21 2.290258
141 22 2.518943
141 23 2.563674
141 24 2.256299
141 25 2.735616
141 26 2.878510
141 27 2.400239
141 28 3.032600
141 29 3.304330
141 30 3.264245
141 31 3.347438
141 32 3.604249
141 33 3.837999
141 34 3.687774
141 35 3.854029
141 36 3.537010
141 37 3.226522
141 38 2.817074
141 39 2.724126
141 40 3.103192
141 41 2.991684
141 42 2.504481
141 43 2.756967
141 44 3.062404
141 45 2.831709
141 46 2.481180
141 47 2.919698
141 48 3.107371
141 49 2.472749
141 50 2.803924
141 51 3.180547
141 52 3.362330
141 53 3.038685
141 54 2.622844
141 55 3.307187
141 56 3.398755
141 57 1.073197
141 58 1.604616
141 59 1.705115
141 60 1.443343
141 61 1.656084
141 62 1.801943
141 63 1.350976
141 64 2.092040
141 65 2.281763
141 66 2.314551
141 67 1.993341
141 68 1.686016
141 69 2.079109
141 70 1.999709
141 71 1.573939
141 72 1.567203
141 73 1.974735
141 74 1.811297
141 75 1.105317
141 76 1.783464
141 77 1.921987
141 78 1.575791
141 79 1.169391
141 80 0.990470
141 81 1.411681
141 82 1.733996
141 83 1.766808
141 84 2.118079
141 85 1.991482
141 86 1.363688
141 87 1.891917
141 88 2.235592
141 89 1.837619
141 90 1.981401
141 91 2.258446
141 92 2.377642
141 93 1.974441
141 94 2.121844
141 95 1.740324
141 96 1.551395
141 97 1.371853
141 98 0.884561
141 99 1.151665
141 100 1.159631
141 101 0.862404
141 102 0.722533
141 103 0.936937
141 104 0.811708
141 105 0.483668
141 106 0.517673
141 107 0.802359
141 108 0.691374
141 109 0.341131
141 110 0.794054
141 111 0.910445
141 112 0.301318
141 113 0.806396
141 114 1.071439
141 115 0.902322
141 116 1.335572
141 117 1.381996
141 118 1.726004
141 119 1.839782
142 0 3.952605
142 1 3.329113
142 2 3.906125
142 3 4.106467
142 4 3.954402
142 5 3.625181
142 6 3.665186
142 7 3.818743
142 8 3.568575
142 9 3.209585
142 10 3.498388
142 11 3.572311
142 12 2.815731
142 13 2.968763
142 14 3.373895
142 15 3.334765
142 16 2.911436
142 17 2.901639
142 18 2.676821
142 19 2.200064
142 20 2.530713
142 21 2.103201
142 22 2.308990
142 23 2.330453
142 24 1.956873
142 25 2.415917
142 26 2.650690
142 27 2.139032
142 28 2.604607
142 29 2.967241
142 30 3.030124
142 31 2.989604
142 32 3.245561
142 33 3.499714
142 34 3.369822
142 35 3.488750
142 36 3.166589
142 37 2.866391
142 38 2.443468
142 39 2.373730
142 40 2.771502
142 41 2.721844
142 42 2.233037
142 43 2.469511
142 44 2.797791
142 45 2.602471
142 46 2.213244
142 47 2.670438
142 48 2.871775
142 49 2.243473
142 50 2.602797
142 51 2.969431
142 52 3.158574
142 53 2.878031
142 54 2.483392
142 55 3.157787
142 56 3.269511
142 57 0.659017
142 58 1.399789
142 59 1.522095
142 60 1.243168
142 61 1.516694
142 62 1.665202
142 63 1.332425
142 64 2.020891
142 65 2.228458
142 66 2.310464
142 67 2.001055
142 68 1.642297
142 69 2.107624
142 70 2.099216
142 71 1.640374
142 72 1.706775
142 73 2.127308
142 74 2.034381
142 75 1.431678
142 76 2.023905
142 77 2.220593
142 78 1.864377
142 79 1.481674
142 80 1.424355
142 81 1.633285
142 82 1.987498
142 83 2.046900
142 84 2.356812
142 85 2.182966
142 86 1.618726
142 87 2.107709
142 88 2.398385
142 89 1.953594
142 90 2.118191
142 91 2.381078
142 92 2.451076
142 93 2.045987
142 94 2.160161
142 95 1.771855
142 96 1.639189
142 97 1.540089
142 98 0.984812
142 99 1.224172
142 100 1.305920
142 101 1.054494
142 102 0.772972
142 103 1.023875
142 104 1.039688
142 105 0.722178
142 106 0.467806
142 107 0.947801
142 108 1.027846
142 109 0.599631
142 110 0.975056
142 111 1.216616
142 112 0.626430
142 113 0.748586
142 114 1.235357
142 115 1.274294
142 116 1.427084
142 117 1.539504
142 118 1.736375
142 119 1.822803
143 0 3.570459
143 1 2.947671
143 2 3.528009
143 3 3.823500
143 4 3.661910
143 5 3.332457
143 6 3.411003
143 7 3.573961
143 8 3.311932
143 9 2.916600
143 10 3.264400
143 11 3.363278
143 12 2.610268
143 13 2.762989
143 14 3.191085
143 15 3.189413
143 16 2.768187
143 17 2.756363
143 18 2.571614
143 19 2.100913
143 20 2.345712
143 21 1.917842
143 22 2.061406
143 23 2.096897
143 24 1.699793
143 25 2.193631
143 26 2.421135
143 27 1.858780
143 28 2.367809
143 29 2.716700
143 30 2.760013
143 31 2.690215
143 32 2.970635
143 33 3.229615
143 34 3.061640
143 35 3.123072
143 36 2.816666
143 37 2.499646
143 38 2.131071
143 39 1.939002
143 40 2.382330
143 41 2.416885
143 42 1.934239
143 43 2.105111
143 44 2.512066
143 45 2.350574
143 46 1.926948
143 47 2.392427
143 48 2.608717
143 49 2.007369
143 50 2.302973
143 51 2.714340
143 52 2.918503
143 53 2.695613
143 54 2.279100
143 55 2.940487
143 56 3.105449
143 57 0.507680
143 58 1.262689
143 59 1.335853
143 60 1.062234
143 61 1.413517
143 62 1.545750
143 63 1.372757
143 64 1.952313
143 65 2.139414
143 66 2.286335
143 67 1.976551
143 68 1.585597
143 69 2.076396
143 70 2.143303
143 71 1.692850
143 72 1.675536
143 73 2.159734
143 74 2.135861
143 75 1.508033
143 76 2.092748
143 77 2.314591
143 78 2.013218
143 79 1.653952
143 80 1.658523
143 81 1.857737
143 82 2.217104
143 83 2.346982
143 84 2.597402
143 85 2.364835
143 86 1.895159
143 87 2.360531
143 88 2.547087
143 89 2.076947
143 90 2.281344
143 91 2.520928
143 92 2.529691
143 93 2.135453
143 94 2.235363
143 95 1.824547
143 96 1.773529
143 97 1.753140
143 98 1.140746
143 99 1.354629
143 100 1.479882
143 101 1.281749
143 102 0.937157
143 103 1.121613
143 104 1.201178
143 105 0.910280
143 106 0.569647
143 107 1.009885
143 108 1.099181
143 109 0.648549
143 110 0.941488
143 111 1.223154
143 112 1.100339
143 113 0.648341
143 114 1.380786
143 115 1.548641
143 116 1.607096
143 117 1.905661
143 118 2.030485
143 119 1.839409
144 0 3.094048
144 1 2.451409
144 2 2.986762
144 3 3.306749
144 4 3.124480
144 5 2.812930
144 6 2.942297
144 7 3.107878
144 8 2.813762
144 9 2.410564
144 10 2.796833
144 11 2.886027
144 12 2.137078
144 13 2.323241
144 14 2.729242
144 15 2.713344
144 16 2.315422
144 17 2.360468
144 18 2.183684
144 19 1.664300
144 20 1.888183
144 21 1.501370
144 22 1.603597
144 23 1.661370
144 24 1.196905
144 25 1.711710
144 26 1.953618
144 27 1.401954
144 28 1.734170
144 29 2.139987
144 30 2.286456
144 31 2.068256
144 32 2.335424
144 33 2.611990
144 34 2.470386
144 35 2.519330
144 36 2.202498
144 37 1.902751
144 38 1.516106
144 39 1.448819
144 40 1.848210
144 41 1.905314
144 42 1.427921
144 43 1.659597
144 44 2.036869
144 45 1.935773
144 46 1.538703
144 47 2.041698
144 48 2.243247
144 49 1.579818
144 50 2.047747
144 51 2.407418
144 52 2.590412
144 53 2.345571
144 54 2.032367
144 55 2.655235
144 56 2.810509
144 57 0.361261
144 58 0.921538
144 59 0.917012
144 60 0.602998
144 61 0.971631
144 62 1.160118
144 63 1.136519
144 64 1.678075
144 65 1.909445
144 66 2.106802
144 67 1.709632
144 68 1.441714
144 69 1.971275
144 70 2.099716
144 71 1.597155
144 72 1.666128
144 73 2.161216
144 74 2.200295
144 75 1.653022
144 76 2.164526
144 77 2.403267
144 78 2.137091
144 79 1.813146
144 80 1.887668
144 81 1.954615
144 82 2.337625
144 83 2.438662
144 84 2.638813
144 85 2.352816
144 86 1.964359
144 87 2.317003
144 88 2.470134
144 89 2.004600
144 90 2.131063
144 91 2.378275
144 92 2.358500
144 93 1.968930
144 94 1.959009
144 95 1.575532
144 96 1.561225
144 97 1.694860
144 98 1.156565
144 99 1.248942
144 100 1.465007
144 101 1.370398
144 102 0.892661
144 103 1.154851
144 104 1.331826
144 105 1.094833
144 106 0.688707
144 107 1.107884
144 108 1.288493
144 109 0.855519
144 110 1.085252
144 111 1.358466
144 112 1.465254
144 113 0.826209
144 114 1.549150
144 115 1.778065
144 116 1.839723
144 117 2.191818
144 118 2.344183
144 119 1.971012
145 0 2.581769
145 1 1.927980
145 2 2.470585
145 3 2.716579
145 4 2.538290
145 5 2.217722
145 6 2.336324
145 7 2.507054
145 8 2.216274
145 9 1.807881
145 10 2.222362
145 11 2.363943
145 12 1.687419
145 13 1.896114
145 14 2.293455
145 15 2.338813
145 16 2.001845
145 17 2.109596
145 18 1.976016
145 19 1.489617
145 20 1.523890
145 21 1.223946
145 22 1.107023
145 23 1.129301
145 24 0.655686
145 25 1.221418
145 26 1.420677
145 27 0.796704
145 28 1.354250
145 29 1.628798
145 30 1.683302
145 31 1.559566
145 32 1.838193
145 33 2.096978
145 34 1.927877
145 35 2.045183
145 36 1.724622
145 37 1.424006
145 38 1.007861
145 39 1.024362
145 40 1.347010
145 41 1.312244
145 42 0.839488
145 43 1.195866
145 44 1.488018
145 45 1.406325
145 46 1.061552
145 47 1.590985
145 48 1.796449
145 49 1.169514
145 50 1.755920
145 51 2.075509
145 52 2.261250
145 53 2.045911
145 54 1.761488
145 55 2.352499
145 56 2.544560
145 57 0.546546
145 58 0.867992
145 59 0.753982
145 60 0.403249
145 61 0.875244
145 62 0.977029
145 63 1.169392
145 64 1.534942
145 65 1.748700
145 66 1.973771
145 67 1.611596
145 68 1.368627
145 69 1.899441
145 70 2.084300
145 71 1.597197
145 72 1.661273
145 73 2.175496
145 74 2.283540
145 75 1.819517
145 76 2.250748
145 77 2.503074
145 78 2.283139
145 79 2.002163
145 80 2.143007
145 81 2.129358
145 82 2.505840
145 83 2.676317
145 84 2.774350
145 85 2.467202
145 86 2.166051
145 87 2.502361
145 88 2.542706
145 89 2.073555
145 90 2.218505
145 91 2.434798
145 92 2.351511
145 93 1.990215
145 94 1.963424
145 95 1.569290
145 96 1.683090
145 97 1.866449
145 98 1.441001
145 99 1.347551
145 100 1.597344
145 101 1.574396
145 102 1.112794
145 103 1.253247
145 104 1.476856
145 105 1.320792
145 106 0.921382
145 107 1.267477
145 108 1.484828
145 109 1.044402
145 110 1.220655
145 111 1.483709
145 112 1.611963
145 113 0.900957
145 114 1.610868
145 115 1.845575
145 116 1.838592
145 117 2.194200
145 118 2.306321
145 119 1.878001
146 0 2.367556
146 1 1.730826
146 2 2.282444
146 3 2.400945
146 4 2.233120
146 5 1.908304
146 6 1.948600
146 7 2.080759
146 8 1.818919
146 9 1.505045
146 10 1.775931
146 11 1.854422
146 12 1.131862
146 13 1.334209
146 14 1.722344
146 15 1.737303
146 16 1.374114
146 17 1.486720
146 18 1.405183
146 19 0.879205
146 20 0.907610
146 21 0.587731
146 22 0.617662
146 23 0.788384
146 24 0.429340
146 25 1.004711
146 26 1.082891
146 27 0.448072
146 28 1.111660
146 29 1.386695
146 30 1.296854
146 31 1.324051
146 32 1.596449
146 33 1.856452
146 34 1.706220
146 35 1.826392
146 36 1.503714
146 37 1.216830
146 38 0.776103
146 39 0.925401
146 40 1.180273
146 41 1.056922
146 42 0.566415
146 43 0.971547
146 44 1.186716
146 45 0.952460
146 46 0.727391
146 47 1.204482
146 48 1.373468
146 49 0.665451
146 50 1.387648
146 51 1.645569
146 52 1.758716
146 53 1.455541
146 54 1.427239
146 55 1.932323
146 56 2.065763
146 57 0.665805
146 58 0.715394
146 59 0.346317
146 60 0.278624
146 61 0.619160
146 62 0.574635
146 63 1.022411
146 64 1.310349
146 65 1.524867
146 66 1.787396
146 67 1.410867
146 68 1.228139
146 69 1.760016
146 70 1.978126
146 71 1.553643
146 72 1.600204
146 73 2.123434
146 74 2.285453
146 75 1.931825
146 76 2.272664
146 77 2.535309
146 78 2.381222
146 79 2.157221
146 80 2.372166
146 81 2.274245
146 82 2.640604
146 83 2.802685
146 84 2.854222
146 85 2.526315
146 86 2.326745
146 87 2.589683
146 88 2.550183
146 89 2.098656
146 90 2.181011
146 91 2.364459
146 92 2.222906
146 93 1.826716
146 94 1.762198
146 95 1.477208
146 96 1.691471
146 97 2.013804
146 98 1.633972
146 99 1.279364
146 100 1.718121
146 101 1.763779
146 102 1.329999
146 103 1.274062
146 104 1.613957
146 105 1.548603
146 106 1.150839
146 107 1.420985
146 108 1.657303
146 109 1.329216
146 110 1.259314
146 111 1.636518
146 112 1.820462
146 113 1.180599
146 114 1.780318
146 115 2.028192
146 116 2.010728
146 117 2.337481
146 118 2.450075
146 119 1.935893
147 0 2.179118
147 1 1.536941
147 2 2.068363
147 3 2.159152
147 4 1.996736
147 5 1.667274
147 6 1.716015
147 7 1.864078
147 8 1.610001
147 9 1.260051
147 10 1.557722
147 11 1.629110
147 12 0.901631
147 13 1.075038
147 14 1.484241
147 15 1.491059
147 16 1.126595
147 17 1.163682
147 18 1.153262
147 19 0.683595
147 20 0.670237
147 21 0.332843
147 22 0.456575
147 23 0.655692
147 24 0.458800
147 25 0.977364
147 26 0.902345
147 27 0.264417
147 28 1.065858
147 29 1.299187
147 30 1.091501
147 31 1.272564
147 32 1.529737
147 33 1.725168
147 34 1.523006
147 35 1.766650
147 36 1.479200
147 37 1.178221
147 38 0.845495
147 39 0.892236
147 40 1.086031
147 41 0.828157
147 42 0.380128
147 43 0.781632
147 44 0.971891
147 45 0.706720
147 46 0.431893
147 47 0.808989
147 48 0.966283
147 49 0.368601
147 50 0.831352
147 51 1.106944
147 52 1.253077
147 53 1.018655
147 54 0.859024
147 55 1.348045
147 56 1.532248
147 57 1.135720
147 58 0.969579
147 59 0.278846
147 60 0.304770
147 61 0.602539
147 62 0.394084
147 63 0.804361
147 64 1.007903
147 65 1.086788
147 66 1.382228
147 67 1.211279
147 68 1.024769
147 69 1.533146
147 70 1.776863
147 71 1.501240
147 72 1.603731
147 73 2.049900
147 74 2.250268
147 75 2.039177
147 76 2.329307
147 77 2.591496
147 78 2.507277
147 79 2.317496
147 80 2.537844
147 81 2.395887
147 82 2.712984
147 83 2.813188
147 84 2.825109
147 85 2.497858
147 86 2.343515
147 87 2.495950
147 88 2.419505
147 89 2.034973
147 90 2.087675
147 91 2.245334
147 92 2.041807
147 93 1.691593
147 94 1.687666
147 95 1.383677
147 96 1.712591
147 97 2.037891
147 98 1.811887
147 99 1.259420
147 100 1.742057
147 101 1.927886
147 102 1.526546
147 103 1.348980
147 104 1.776180
147 105 1.764090
147 106 1.394107
147 107 1.586641
147 108 1.792822
147 109 1.499420
147 110 1.222097
147 111 1.695121
147 112 1.895268
147 113 1.299218
147 114 1.760161
147 115 2.031352
147 116 1.970906
147 117 2.270758
147 118 2.392195
147 119 1.795125
148 0 2.043708
148 1 1.490471
148 2 2.043788
148 3 2.098891
148 4 2.044195
148 5 1.700989
148 6 1.637239
148 7 1.821353
148 8 1.662242
148 9 1.325363
148 10 1.474486
148 11 1.646256
148 12 1.122699
148 13 0.927983
148 14 1.404027
148 15 1.545915
148 16 1.106087
148 17 1.011408
148 18 1.047701
148 19 0.894427
148 20 0.674986
148 21 0.282771
148 22 0.862106
148 23 1.216185
148 24 1.145222
148 25 1.594672
148 26 1.393990
148 27 0.883596
148 28 1.600976
148 29 1.785221
148 30 1.333727
148 31 1.661318
148 32 1.926269
148 33 2.067305
148 34 1.747902
148 35 2.026647
148 36 1.601085
148 37 1.414584
148 38 1.152892
148 39 0.857482
148 40 1.155400
148 41 0.932912
148 42 0.663845
148 43 0.620726
148 44 0.810706
148 45 0.483911
148 46 0.388866
148 47 0.618937
148 48 0.744241
148 49 0.259504
148 50 0.598302
148 51 0.894459
148 52 1.044587
148 53 0.805754
148 54 0.627657
148 55 1.105071
148 56 1.290244
148 57 1.597768
148 58 1.551104
148 59 0.957903
148 60 0.649185
148 61 0.898156
148 62 0.541363
148 63 0.808718
148 64 0.965460
148 65 0.935337
148 66 1.266150
148 67 1.199968
148 68 0.896319
148 69 1.414902
148 70 1.676457
148 71 1.438414
148 72 1.365820
148 73 1.870222
148 74 2.113169
148 75 1.922828
148 76 2.110830
148 77 2.373857
148 78 2.394949
148 79 2.285069
148 80 2.489197
148 81 2.423086
148 82 2.746709
148 83 2.893676
148 84 2.855324
148 85 2.506498
148 86 2.427175
148 87 2.574067
148 88 2.420905
148 89 2.041827
148 90 2.169253
148 91 2.250212
148 92 2.001099
148 93 1.696993
148 94 1.827586
148 95 1.532039
148 96 1.978095
148 97 2.224539
148 98 2.022293
148 99 1.553761
148 100 1.886757
148 101 2.047410
148 102 1.728330
148 103 1.302117
148 104 1.811531
148 105 1.860369
148 106 1.506252
148 107 1.515519
148 108 1.833432
148 109 1.675490
148 110 1.076810
148 111 1.737140
148 112 1.967277
148 113 1.434286
148 114 1.675281
148 115 2.019057
148 116 1.909833
148 117 2.173508
148 118 2.290536
148 119 1.629742
149 0 1.885230
149 1 1.438405
149 2 2.065948
149 3 2.223769
149 4 2.247885
149 5 1.901797
149 6 1.800465
149 7 2.050095
149 8 2.007444
149 9 1.560714
149 10 1.703444
149 11 1.996744
149 12 1.678997
149 13 1.364878
149 14 1.776306
149 15 2.029305
149 16 1.650669
149 17 1.482350
149 18 1.535675
149 19 1.494344
149 20 1.251201
149 21 0.902853
149 22 1.415573
149 23 1.784537
149 24 1.589176
149 25 2.075929
149 26 1.951739
149 27 1.318147
149 28 1.986959
149 29 2.179950
149 30 1.756889
149 31 1.902297
149 32 2.203741
149 33 2.353615
149 34 1.959941
149 35 2.090032
149 36 1.695424
149 37 1.535187
149 38 1.337901
149 39 1.035619
149 40 1.193240
149 41 1.164781
149 42 0.852750
149 43 0.691150
149 44 0.946216
149 45 0.832873
149 46 0.367536
149 47 0.548173
149 48 0.847909
149 49 0.748128
149 50 0.364313
149 51 0.789721
149 52 1.068087
149 53 1.083356
149 54 0.478834
149 55 1.042876
149 56 1.339966
149 57 1.990096
149 58 2.069311
149 59 1.534678
149 60 1.093428
149 61 1.374705
149 62 1.020857
149 63 1.035747
149 64 1.141255
149 65 0.779436
149 66 1.299343
149 67 1.463433
149 68 0.933430
149 69 1.350161
149 70 1.625546
149 71 1.535004
149 72 1.320107
149 73 1.787921
149 74 2.045135
149 75 1.901010
149 76 2.036281
149 77 2.306245
149 78 2.387261
149 79 2.308841
149 80 2.529302
149 81 2.489024
149 82 2.828214
149 83 3.046578
149 84 2.965333
149 85 2.607368
149 86 2.599382
149 87 2.742302
149 88 2.540228
149 89 2.165092
149 90 2.418731
149 91 2.477423
149 92 2.181290
149 93 1.942159
149 94 2.181451
149 95 1.807997
149 96 2.303482
149 97 2.483583
149 98 2.319543
149 99 1.944877
149 100 2.105791
149 101 2.271726
149 102 1.971496
149 103 1.430831
149 104 1.967801
149 105 2.012595
149 106 1.640383
149 107 1.535291
149 108 1.897617
149 109 1.753294
149 110 1.076228
149 111 1.698005
149 112 1.915300
149 113 1.481203
149 114 1.507377
149 115 1.895976
149 116 1.708270
149 117 1.924413
149 118 2.063393
149 119 1.343697
150 0 1.703865
150 1 1.369250
150 2 1.972949
150 3 2.169075
150 4 2.245598
150 5 1.927326
150 6 1.743484
150 7 2.065281
150 8 2.110718
150 9 1.600393
150 10 1.742813
150 11 2.124177
150 12 1.950916
150 13 1.594628
150 14 1.947194
150 15 2.293552
150 16 2.056724
150 17 1.958618
150 18 2.125214
150 19 1.980674
150 20 1.589140
150 21 1.460607
150 22 1.700199
150 23 2.069739
150 24 1.870698
150 25 2.327212
150 26 2.166262
150 27 1.587961
150 28 2.163253
150 29 2.332419
150 30 1.936924
150 31 2.002455
150 32 2.288428
150 33 2.399755
150 34 1.991608
150 35 2.108980
150 36 1.680207
150 37 1.613805
150 38 1.481396
150 39 1.179900
150 40 1.227646
150 41 1.290718
150 42 1.025748
150 43 0.816861
150 44 1.026264
150 45 1.057906
150 46 0.620703
150 47 0.484691
150 48 0.975784
150 49 1.108539
150 50 0.261238
150 51 0.578876
150 52 1.294383
150 53 1.472240
150 54 0.894732
150 55 1.318570
150 56 1.659176
150 57 2.335597
150 58 2.427705
150 59 1.869450
150 60 1.511837
150 61 1.949979
150 62 1.623407
150 63 1.671536
150 64 1.765823
150 65 1.272134
150 66 1.886816
150 67 2.055456
150 68 1.518381
150 69 1.888764
150 70 2.150844
150 71 2.086511
150 72 1.674403
150 73 2.166768
150 74 2.427092
150 75 2.120214
150 76 2.251591
150 77 2.554247
150 78 2.676603
150 79 2.455063
150 80 2.798718
150 81 2.917013
150 82 3.226325
150 83 3.524746
150 84 3.480818
150 85 3.122854
150 86 3.158975
150 87 3.330709
150 88 3.121336
150 89 2.704417
150 90 3.019960
150 91 3.092893
150 92 2.788980
150 93 2.537831
150 94 2.809943
150 95 2.417536
150 96 2.904508
150 97 3.020287
150 98 2.832684
150 99 2.507274
150 100 2.611128
150 101 2.691593
150 102 2.383924
150 103 1.912402
150 104 2.357703
150 105 2.328976
150 106 1.950003
150 107 1.717990
150 108 2.144295
150 109 1.959600
150 110 1.291300
150 111 1.837276
150 112 2.025410
150 113 1.639412
150 114 1.482881
150 115 1.894507
150 116 1.645862
150 117 1.852925
150 118 1.962222
150 119 1.256967
151 0 1.594472
151 1 1.400789
151 2 1.937317
151 3 2.094284
151 4 2.227938
151 5 1.940658
151 6 1.677583
151 7 2.019378
151 8 2.130801
151 9 1.643366
151 10 1.622281
151 11 2.105412
151 12 2.057116
151 13 1.627513
151 14 1.862743
151 15 2.301337
151 16 2.120178
151 17 1.929990
151 18 2.235608
151 19 2.087014
151 20 1.712349
151 21 1.610770
151 22 1.862644
151 23 2.285722
151 24 2.143407
151 25 2.560813
151 26 2.341081
151 27 1.840680
151 28 2.370188
151 29 2.479805
151 30 2.056619
151 31 2.174832
151 32 2.436904
151 33 2.481986
151 34 2.090401
151 35 2.215422
151 36 1.748777
151 37 1.784485
151 38 1.709281
151 39 1.400291
151 40 1.367693
151 41 1.447566
151 42 1.230321
151 43 0.949094
151 44 1.106123
151 45 1.179199
151 46 0.834445
151 47 0.539597
151 48 0.983804
151 49 1.123551
151 50 0.334889
151 51 0.359377
151 52 1.178490
151 53 1.400653
151 54 1.159668
151 55 1.353231
151 56 1.742128
151 57 2.659796
151 58 2.717675
151 59 2.122960
151 60 1.791745
151 61 2.179046
151 62 1.853108
151 63 2.053054
151 64 2.192303
151 65 1.787572
151 66 2.343885
151 67 2.491385
151 68 2.027673
151 69 2.432557
151 70 2.705794
151 71 2.624357
151 72 2.316322
151 73 2.804719
151 74 3.066128
151 75 2.729151
151 76 2.867377
151 77 3.174772
151 78 3.301744
151 79 3.012105
151 80 3.410880
151 81 3.556481
151 82 3.859690
151 83 4.130044
151 84 4.059329
151 85 3.700596
151 86 3.679584
151 87 3.825969
151 88 3.633842
151 89 3.259287
151 90 3.461750
151 91 3.525890
151 92 3.241641
151 93 2.990152
151 94 3.157467
151 95 2.833899
151 96 3.279238
151 97 3.489078
151 98 3.272901
151 99 2.839958
151 100 3.140034
151 101 3.249399
151 102 2.907960
151 103 2.479496
151 104 2.941347
151 105 2.863454
151 106 2.492276
151 107 2.326707
151 108 2.657272
151 109 2.423799
151 110 1.906497
151 111 2.361729
151 112 2.449243
151 113 2.001357
151 114 1.943537
151 115 2.240790
151 116 1.872819
151 117 2.060859
151 118 2.006606
151 119 1.391517
152 0 1.350695
152 1 1.401338
152 2 1.835621
152 3 2.026878
152 4 2.208144
152 5 1.983866
152 6 1.655528
152 7 2.031695
152 8 2.215666
152 9 1.720104
152 10 1.608524
152 11 2.190275
152 12 2.248081
152 13 1.806177
152 14 1.942797
152 15 2.447121
152 16 2.333907
152 17 2.090713
152 18 2.450299
152 19 2.333787
152 20 1.959539
152 21 1.909037
152 22 2.099899
152 23 2.524450
152 24 2.415668
152 25 2.794805
152 26 2.527406
152 27 2.104397
152 28 2.557005
152 29 2.626324
152 30 2.222707
152 31 2.277882
152 32 2.531543
152 33 2.542003
152 34 2.154657
152 35 2.149669
152 36 1.784359
152 37 1.762338
152 38 1.859162
152 39 1.456652
152 40 1.480143
152 41 1.630424
152 42 1.463234
152 43 1.136158
152 44 1.272507
152 45 1.409781
152 46 1.127233
152 47 0.755947
152 48 1.163100
152 49 1.344293
152 50 0.650359
152 51 0.427988
152 52 1.302005
152 53 1.559187
152 54 1.425603
152 55 1.475144
152 56 1.875774
152 57 2.985282
152 58 3.033783
152 59 2.411469
152 60 2.125277
152 61 2.502643
152 62 2.169550
152 63 2.364126
152 64 2.487453
152 65 2.113670
152 66 2.642525
152 67 2.798206
152 68 2.357062
152 69 2.775273
152 70 3.049419
152 71 2.956597
152 72 2.727341
152 73 3.207614
152 74 3.471045
152 75 3.257987
152 76 3.398634
152 77 3.690394
152 78 3.779324
152 79 3.597548
152 80 3.892091
152 81 3.914251
152 82 4.240672
152 83 4.459053
152 84 4.392649
152 85 4.035976
152 86 4.002302
152 87 4.140145
152 88 3.947018
152 89 3.583715
152 90 3.772318
152 91 3.822530
152 92 3.532497
152 93 3.291705
152 94 3.457975
152 95 3.154708
152 96 3.603236
152 97 3.823564
152 98 3.610475
152 99 3.166941
152 100 3.472892
152 101 3.585870
152 102 3.245328
152 103 2.815624
152 104 3.315931
152 105 3.295454
152 106 2.925827
152 107 2.857566
152 108 3.197489
152 109 2.952572
152 110 2.373070
152 111 2.930935
152 112 2.995907
152 113 2.542562
152 114 2.530534
152 115 2.797671
152 116 2.442936
152 117 2.623984
152 118 2.478353
152 119 1.944385
153 0 1.014750
153 1 1.201332
153 2 1.560158
153 3 1.756283
153 4 1.981769
153 5 1.811938
153 6 1.509485
153 7 1.937231
153 8 2.155189
153 9 1.647996
153 10 1.591107
153 11 2.232929
153 12 2.374646
153 13 1.976520
153 14 2.070325
153 15 2.594391
153 16 2.569953
153 17 2.324563
153 18 2.719776
153 19 2.598074
153 20 2.203656
153 21 2.248563
153 22 2.281708
153 23 2.637403
153 24 2.564582
153 25 2.824258
153 26 2.555288
153 27 2.252647
153 28 2.558224
153 29 2.572929
153 30 2.235983
153 31 2.211821
153 32 2.430154
153 33 2.387528
153 34 2.024584
153 35 1.999098
153 36 1.616506
153 37 1.728909
153 38 1.882165
153 39 1.535788
153 40 1.380018
153 41 1.663836
153 42 1.603519
153 43 1.217471
153 44 1.367922
153 45 1.575366
153 46 1.408110
153 47 0.994343
153 48 1.374868
153 49 1.611184
153 50 1.014950
153 51 0.709765
153 52 1.565892
153 53 1.841809
153 54 1.810750
153 55 1.749211
153 56 2.159317
153 57 3.261773
153 58 3.282526
153 59 2.629538
153 60 2.457993
153 61 2.841722
153 62 2.511233
153 63 2.764836
153 64 2.897140
153 65 2.516302
153 66 3.044295
153 67 3.185788
153 68 2.782427
153 69 3.191898
153 70 3.464910
153 71 3.383545
153 72 3.150753
153 73 3.624799
153 74 3.890532
153 75 3.676898
153 76 3.808043
153 77 4.104809
153 78 4.202751
153 79 4.041796
153 80 4.315814
153 81 4.342672
153 82 4.669659
153 83 4.879049
153 84 4.817719
153 85 4.461520
153 86 4.415007
153 87 4.549601
153 88 4.363547
153 89 4.008067
153 90 4.162985
153 91 4.216290
153 92 3.935974
153 93 3.677950
153 94 3.825279
153 95 3.530341
153 96 3.969140
153 97 4.213027
153 98 3.987254
153 99 3.515549
153 100 3.876464
153 101 3.987237
153 102 3.626379
153 103 3.241745
153 104 3.733482
153 105 3.700571
153 106 3.338676
153 107 3.277918
153 108 3.616423
153 109 3.360715
153 110 2.792937
153 111 3.357394
153 112 3.518052
153 113 3.026262
153 114 3.056544
153 115 3.346158
153 116 3.021414
153 117 3.204666
153 118 3.029938
153 119 2.520735
154 0 0.721147
154 1 1.042415
154 2 1.333775
154 3 1.552560
154 4 1.804146
154 5 1.721734
154 6 1.359707
154 7 1.783352
154 8 2.028843
154 9 1.612166
154 10 1.435429
154 11 2.129447
154 12 2.303020
154 13 1.970606
154 14 1.991313
154 15 2.547063
154 16 2.603848
154 17 2.324844
154 18 2.758013
154 19 2.670169
154 20 2.287822
154 21 2.399907
154 22 2.346996
154 23 2.729100
154 24 2.721777
154 25 2.888234
154 26 2.594732
154 27 2.375915
154 28 2.616922
154 29 2.573699
154 30 2.227255
154 31 2.202263
154 32 2.376764
154 33 2.285269
154 34 1.899863
154 35 1.832251
154 36 1.526490
154 37 1.741147
154 38 2.018682
154 39 1.625945
154 40 1.313961
154 41 1.755497
154 42 1.743374
154 43 1.398128
154 44 1.343542
154 45 1.644703
154 46 1.562277
154 47 1.141593
154 48 1.450717
154 49 1.700205
154 50 1.263206
154 51 0.878444
154 52 1.528478
154 53 1.874447
154 54 1.979980
154 55 1.803512
154 56 2.196141
154 57 3.502496
154 58 3.461432
154 59 2.772933
154 60 2.686724
154 61 3.029545
154 62 2.690527
154 63 2.948767
154 64 3.055229
154 65 2.708621
154 66 3.208314
154 67 3.355747
154 68 2.997584
154 69 3.403286
154 70 3.673787
154 71 3.598772
154 72 3.416124
154 73 3.872824
154 74 4.137533
154 75 3.966724
154 76 4.090193
154 77 4.382646
154 78 4.477849
154 79 4.345206
154 80 4.596801
154 81 4.581347
154 82 4.915479
154 83 5.094131
154 84 5.020431
154 85 4.668710
154 86 4.619004
154 87 4.732254
154 88 4.538307
154 89 4.206972
154 90 4.333842
154 91 4.364024
154 92 4.079918
154 93 3.835050
154 94 3.968804
154 95 3.715293
154 96 4.156349
154 97 4.437812
154 98 4.219809
154 99 3.705091
154 100 4.102996
154 101 4.244624
154 102 3.880277
154 103 3.480619
154 104 3.990135
154 105 3.985975
154 106 3.626001
154 107 3.570481
154 108 3.907115
154 109 3.670485
154 110 3.088216
154 111 3.676217
154 112 3.856980
154 113 3.348385
154 114 3.386483
154 115 3.751937
154 116 3.434289
154 117 3.635590
154 118 3.541125
154 119 2.962565
155 0 0.356122
155 1 0.690971
155 2 0.978457
155 3 1.102796
155 4 1.375440
155 5 1.387889
155 6 1.103917
155 7 1.510169
155 8 1.767517
155 9 1.459307
155 10 1.336909
155 11 1.989122
155 12 2.184323
155 13 2.009792
155 14 1.944611
155 15 2.510921
155 16 2.635625
155 17 2.342252
155 18 2.808446
155 19 2.766074
155 20 2.408256
155 21 2.573827
155 22 2.364633
155 23 2.717081
155 24 2.736420
155 25 2.773461
155 26 2.479448
155 27 2.301044
155 28 2.430727
155 29 2.341010
155 30 1.996895
155 31 2.008031
155 32 2.137855
155 33 1.972117
155 34 1.632208
155 35 1.686830
155 36 1.320247
155 37 1.719155
155 38 2.004596
155 39 1.766068
155 40 1.266119
155 41 1.706199
155 42 1.854758
155 43 1.566622
155 44 1.305521
155 45 1.742484
155 46 1.753091
155 47 1.362077
155 48 1.584197
155 49 1.826589
155 50 1.531515
155 51 1.067253
155 52 1.539395
155 53 1.944279
155 54 2.124305
155 55 1.894306
155 56 2.200727
155 57 3.627532
155 58 3.597989
155 59 2.887470
155 60 2.929388
155 61 3.228387
155 62 2.881775
155 63 3.137069
155 64 3.221067
155 65 2.907271
155 66 3.379081
155 67 3.521491
155 68 3.221730
155 69 3.614294
155 70 3.879982
155 71 3.819393
155 72 3.676365
155 73 4.111141
155 74 4.374691
155 75 4.246058
155 76 4.355745
155 77 4.645068
155 78 4.743487
155 79 4.636119
155 80 4.870906
155 81 4.816563
155 82 5.157529
155 83 5.302752
155 84 5.221245
155 85 4.874934
155 86 4.815616
155 87 4.908814
155 88 4.714007
155 89 4.408967
155 90 4.492890
155 91 4.507630
155 92 4.229121
155 93 3.985567
155 94 4.104584
155 95 3.896032
155 96 4.338235
155 97 4.641654
155 98 4.448271
155 99 3.899770
155 100 4.313712
155 101 4.488119
155 102 4.132503
155 103 3.723614
155 104 4.242610
155 105 4.262181
155 106 3.913056
155 107 3.857204
155 108 4.196903
155 109 3.975400
155 110 3.380349
155 111 3.988915
155 112 4.188954
155 113 3.682233
155 114 3.731588
155 115 4.101895
155 116 3.776073
155 117 3.974069
155 118 3.920524
155 119 3.301207
