153 0 4.632257
153 1 4.841920
153 2 4.529933
153 3 4.264647
153 4 4.378740
153 5 4.525052
153 6 3.932733
153 7 3.928452
153 8 3.605747
153 9 3.519982
153 10 3.649834
153 11 3.423987
153 12 2.980644
153 13 3.184814
153 14 3.228410
153 15 2.888632
153 16 2.777460
153 17 2.999929
153 18 2.914088
153 19 2.332259
153 20 2.595262
153 21 2.793889
153 22 2.281259
153 23 2.160916
153 24 2.470570
153 25 2.600138
153 26 2.204471
153 27 2.061783
153 28 2.423781
153 29 2.443732
153 30 1.850423
153 31 2.286564
153 32 2.535867
153 33 2.253550
153 34 2.030334
153 35 2.456643
153 36 2.680877
153 37 2.351375
153 38 2.510878
153 39 2.116967
153 40 1.898174
153 41 2.362792
153 42 2.212166
153 43 1.811793
153 44 1.506222
153 45 1.457505
153 46 1.175160
153 47 1.436012
153 48 1.189518
153 49 1.223897
153 50 1.653917
153 51 1.717939
153 52 1.381910
153 53 1.728716
153 54 2.073623
153 55 2.118900
153 56 1.810551
153 57 2.381122
153 58 2.608367
153 59 2.566178
153 60 2.738155
153 61 2.960219
153 62 2.945518
153 63 3.065619
153 64 3.322143
153 65 3.532303
153 66 3.691773
153 67 3.675014
153 68 3.791053
153 69 4.136621
153 70 4.208283
153 71 4.200394
153 72 4.453022
153 73 4.687451
153 74 4.646223
153 75 4.874971
153 76 5.085487
153 77 5.311599
153 78 5.199841
153 79 5.533666
153 80 1.303075
153 81 1.332366
153 82 1.372793
153 83 1.119017
153 84 0.907768
153 85 1.099649
153 86 1.097362
153 87 0.416142
153 88 0.690128
153 89 0.991299
153 90 0.870292
153 91 0.390767
153 92 0.798305
153 93 1.032236
153 94 0.588103
153 95 0.888433
153 96 1.145386
153 97 1.267573
153 98 0.995429
153 99 1.315569
153 100 1.570482
153 101 1.616641
153 102 1.498067
153 103 1.865901
153 104 2.069643
153 105 2.009724
153 106 2.205704
153 107 2.420753
153 108 2.575667
153 109 2.498313
153 110 2.781095
153 111 3.166675
153 112 3.305224
153 113 2.849078
153 114 3.111542
153 115 3.248864
153 116 3.085544
153 117 3.112425
153 118 2.738570
153 119 2.646516
153 120 1.802642
153 121 2.584784
153 122 2.803319
153 123 2.439552
153 124 2.227378
153 125 2.754525
153 126 2.973325
153 127 2.632807
153 128 2.732520
153 129 3.075958
153 130 3.021898
153 131 2.613237
153 132 3.128366
153 133 3.424697
153 134 3.275593
153 135 3.029043
153 136 3.615552
153 137 3.688926
153 138 3.550658
153 139 3.825177
153 140 4.105947
153 141 4.057719
153 142 3.804418
153 143 4.372375
153 144 4.602743
153 145 4.284089
153 146 4.494427
153 147 4.908655
153 148 5.043681
153 149 4.563186
153 150 4.835832
153 151 5.409224
153 152 5.454574
154 0 4.252129
154 1 4.464315
154 2 4.160988
154 3 3.901726
154 4 4.050466
154 5 4.170822
154 6 3.564692
154 7 3.585589
154 8 3.270589
154 9 3.180673
154 10 3.287627
154 11 3.059296
154 12 2.673176
154 13 2.814140
154 14 2.841250
154 15 2.562371
154 16 2.404212
154 17 2.593441
154 18 2.486777
154 19 1.977253
154 20 2.171927
154 21 2.298682
154 22 1.854363
154 23 1.762696
154 24 2.018359
154 25 2.021929
154 26 1.617643
154 27 1.621765
154 28 1.875611
154 29 1.815169
154 30 1.237351
154 31 1.700584
154 32 1.945294
154 33 1.652576
154 34 1.510661
154 35 1.887998
154 36 2.080904
154 37 1.801258
154 38 2.002810
154 39 1.636353
154 40 1.340556
154 41 1.866622
154 42 1.801709
154 43 1.402592
154 44 1.185376
154 45 0.930430
154 46 0.573045
154 47 0.796494
154 48 0.641874
154 49 0.726484
154 50 1.059283
154 51 1.158445
154 52 0.977001
154 53 1.272339
154 54 1.548339
154 55 1.664188
154 56 1.430895
154 57 1.920019
154 58 2.131404
154 59 2.191808
154 60 2.322630
154 61 2.519707
154 62 2.527045
154 63 2.733347
154 64 2.921467
154 65 3.107786
154 66 3.288610
154 67 3.326192
154 68 3.340703
154 69 3.700113
154 70 3.856026
154 71 3.823813
154 72 3.995378
154 73 4.296653
154 74 4.300427
154 75 4.453912
154 76 4.628444
154 77 4.914948
154 78 4.841617
154 79 5.101876
154 80 1.520853
154 81 1.439986
154 82 1.474203
154 83 1.347069
154 84 1.032079
154 85 1.100199
154 86 1.156219
154 87 0.763522
154 88 0.493217
154 89 0.936303
154 90 0.737030
154 91 0.387962
154 92 0.713392
154 93 0.866643
154 94 0.363253
154 95 0.543472
154 96 0.874964
154 97 1.018043
154 98 0.638343
154 99 0.809363
154 100 1.193214
154 101 1.333366
154 102 1.090232
154 103 1.382758
154 104 1.666518
154 105 1.682100
154 106 1.719395
154 107 1.962389
154 108 2.180136
154 109 2.079736
154 110 2.266166
154 111 2.688396
154 112 2.788021
154 113 2.334242
154 114 2.695349
154 115 2.846480
154 116 2.659970
154 117 2.661673
154 118 2.277054
154 119 2.138776
154 120 1.369005
154 121 2.034981
154 122 2.246170
154 123 1.916416
154 124 1.634031
154 125 2.157604
154 126 2.389868
154 127 2.064542
154 128 2.112285
154 129 2.475020
154 130 2.499497
154 131 2.051799
154 132 2.513071
154 133 2.845042
154 134 2.747439
154 135 2.449385
154 136 3.054361
154 137 3.203835
154 138 3.078683
154 139 3.302082
154 140 3.574148
154 141 3.570567
154 142 3.342396
154 143 3.861773
154 144 4.098197
154 145 3.846684
154 146 4.022594
154 147 4.430264
154 148 4.584002
154 149 4.157973
154 150 4.370706
154 151 4.952090
154 152 5.037096
155 0 3.816391
155 1 4.081695
155 2 3.835454
155 3 3.507969
155 4 3.715114
155 5 3.892692
155 6 3.258947
155 7 3.319280
155 8 3.008951
155 9 2.927483
155 10 3.000633
155 11 2.776562
155 12 2.453132
155 13 2.497700
155 14 2.467697
155 15 2.234011
155 16 2.032810
155 17 2.148539
155 18 2.043845
155 19 1.611797
155 20 1.673393
155 21 1.801072
155 22 1.554508
155 23 1.301013
155 24 1.500736
155 25 1.530533
155 26 1.206737
155 27 1.072061
155 28 1.344612
155 29 1.376833
155 30 0.919438
155 31 1.218581
155 32 1.483159
155 33 1.399250
155 34 1.103145
155 35 1.507659
155 36 1.742283
155 37 1.621842
155 38 1.827983
155 39 1.516220
155 40 1.184566
155 41 1.594267
155 42 1.416272
155 43 1.098225
155 44 0.820569
155 45 0.581389
155 46 0.372158
155 47 0.460744
155 48 0.412269
155 49 0.596618
155 50 0.852117
155 51 0.911601
155 52 0.812742
155 53 1.142444
155 54 1.346531
155 55 1.453421
155 56 1.296983
155 57 1.742011
155 58 1.936967
155 59 2.017440
155 60 2.166096
155 61 2.334768
155 62 2.323418
155 63 2.603892
155 64 2.760135
155 65 2.934101
155 66 3.114049
155 67 3.181857
155 68 3.177047
155 69 3.506584
155 70 3.697206
155 71 3.679445
155 72 3.812698
155 73 4.117786
155 74 4.150823
155 75 4.297635
155 76 4.438708
155 77 4.748035
155 78 4.702281
155 79 4.932161
155 80 1.651089
155 81 1.488002
155 82 1.475161
155 83 1.384893
155 84 1.071622
155 85 1.027396
155 86 1.123184
155 87 0.858216
155 88 0.407494
155 89 0.807936
155 90 0.916107
155 91 0.588136
155 92 0.416661
155 93 0.839380
155 94 0.613004
155 95 0.303045
155 96 0.634214
155 97 0.826747
155 98 0.503523
155 99 0.597076
155 100 0.998892
155 101 1.149885
155 102 0.890951
155 103 1.145795
155 104 1.449018
155 105 1.495562
155 106 1.477354
155 107 1.731043
155 108 1.957486
155 109 1.871725
155 110 2.029875
155 111 2.456485
155 112 2.545033
155 113 2.090588
155 114 2.475337
155 115 2.621002
155 116 2.430301
155 117 2.429624
155 118 2.046990
155 119 1.903950
155 120 1.165114
155 121 1.727996
155 122 1.944680
155 123 1.671513
155 124 1.353025
155 125 1.833336
155 126 2.100154
155 127 1.822117
155 128 1.767632
155 129 2.175120
155 130 2.271887
155 131 1.830980
155 132 2.170018
155 133 2.592577
155 134 2.537167
155 135 2.180666
155 136 2.826670
155 137 2.998476
155 138 2.887091
155 139 3.115636
155 140 3.380643
155 141 3.375678
155 142 3.187923
155 143 3.625488
155 144 3.905100
155 145 3.684454
155 146 3.870376
155 147 4.265974
155 148 4.417752
155 149 4.022678
155 150 4.221173
155 151 4.793934
155 152 4.884367
156 0 3.262173
156 1 3.529941
156 2 3.290643
156 3 2.950414
156 4 3.228402
156 5 3.383973
156 6 2.738221
156 7 2.867216
156 8 2.578081
156 9 2.449259
156 10 2.467159
156 11 2.285405
156 12 2.006279
156 13 1.945838
156 14 1.923243
156 15 1.729581
156 16 1.483951
156 17 1.564131
156 18 1.516751
156 19 1.173919
156 20 1.100617
156 21 1.290264
156 22 1.147076
156 23 0.815739
156 24 0.915606
156 25 1.150206
156 26 0.949375
156 27 0.568883
156 28 0.999770
156 29 1.126430
156 30 0.695696
156 31 0.973965
156 32 1.242103
156 33 1.179639
156 34 0.925327
156 35 1.298277
156 36 1.530564
156 37 1.443655
156 38 1.692970
156 39 1.424388
156 40 1.065943
156 41 1.441540
156 42 1.289003
156 43 1.015723
156 44 0.712563
156 45 0.450679
156 46 0.336033
156 47 0.291368
156 48 0.505380
156 49 0.703986
156 50 0.665533
156 51 0.841243
156 52 1.098238
156 53 1.227189
156 54 1.334841
156 55 1.528319
156 56 1.528319
156 57 1.787881
156 58 1.893437
156 59 2.140459
156 60 2.229476
156 61 2.275122
156 62 2.394145
156 63 2.725341
156 64 2.770225
156 65 2.945299
156 66 3.152707
156 67 3.275312
156 68 3.119345
156 69 3.471772
156 70 3.754334
156 71 3.707701
156 72 3.740542
156 73 4.121960
156 74 4.218893
156 75 4.246303
156 76 4.358690
156 77 4.739929
156 78 4.724841
156 79 4.865160
156 80 1.829057
156 81 1.590580
156 82 1.561441
156 83 1.533522
156 84 1.225324
156 85 1.086541
156 86 1.193933
156 87 0.997150
156 88 0.529206
156 89 0.841227
156 90 0.988100
156 91 0.753654
156 92 0.288991
156 93 0.803660
156 94 0.972687
156 95 0.234726
156 96 0.724417
156 97 1.047489
156 98 0.868635
156 99 0.477243
156 100 1.039360
156 101 1.266164
156 102 1.078599
156 103 0.980595
156 104 1.492174
156 105 1.647668
156 106 1.378403
156 107 1.736635
156 108 1.996432
156 109 1.977347
156 110 1.947037
156 111 2.410216
156 112 2.383419
156 113 1.974867
156 114 2.448719
156 115 2.602644
156 116 2.347894
156 117 2.286038
156 118 1.883588
156 119 1.683867
156 120 1.023396
156 121 1.516140
156 122 1.722626
156 123 1.559632
156 124 1.127874
156 125 1.593967
156 126 1.863958
156 127 1.633172
156 128 1.525430
156 129 1.937559
156 130 2.117329
156 131 1.673209
156 132 1.946643
156 133 2.370121
156 134 2.401944
156 135 1.987623
156 136 2.620524
156 137 2.861640
156 138 2.799451
156 139 2.942344
156 140 3.187092
156 141 3.274709
156 142 3.083893
156 143 3.430422
156 144 3.751852
156 145 3.629450
156 146 3.712881
156 147 4.119993
156 148 4.296071
156 149 3.977243
156 150 4.071064
156 151 4.668468
156 152 4.808914
157 0 2.770733
157 1 3.026625
157 2 2.746436
157 3 2.444801
157 4 2.751822
157 5 2.831123
157 6 2.202784
157 7 2.300712
157 8 2.054417
157 9 1.871910
157 10 1.899085
157 11 1.753470
157 12 1.486813
157 13 1.368399
157 14 1.407999
157 15 1.254316
157 16 0.953692
157 17 1.070700
157 18 1.134709
157 19 0.796701
157 20 0.599056
157 21 0.901171
157 22 0.938078
157 23 0.408411
157 24 0.612738
157 25 0.923396
157 26 0.738131
157 27 0.370748
157 28 0.760562
157 29 0.985938
157 30 0.707868
157 31 0.917103
157 32 1.186119
157 33 1.326736
157 34 1.036055
157 35 1.397476
157 36 1.685918
157 37 1.761487
157 38 2.030473
157 39 1.880889
157 40 1.533919
157 41 1.624008
157 42 1.486188
157 43 1.348502
157 44 1.057519
157 45 0.917384
157 46 0.910981
157 47 0.318557
157 48 0.985571
157 49 1.223128
157 50 0.985233
157 51 1.101934
157 52 1.514565
157 53 1.696634
157 54 1.684027
157 55 1.894524
157 56 2.034029
157 57 2.190691
157 58 2.165651
157 59 2.523036
157 60 2.677349
157 61 2.621041
157 62 2.687099
157 63 3.122808
157 64 3.165102
157 65 3.300085
157 66 3.522054
157 67 3.696640
157 68 3.460201
157 69 3.742165
157 70 4.115641
157 71 4.102533
157 72 4.025412
157 73 4.433318
157 74 4.614808
157 75 4.569802
157 76 4.611023
157 77 5.064470
157 78 5.102735
157 79 5.148483
157 80 1.993383
157 81 1.673390
157 82 1.662275
157 83 1.706525
157 84 1.418833
157 85 1.203330
157 86 1.311811
157 87 1.192189
157 88 0.727195
157 89 0.876765
157 90 1.106689
157 91 0.943993
157 92 0.324366
157 93 0.861196
157 94 1.062726
157 95 0.438153
157 96 0.570488
157 97 1.117864
157 98 1.282749
157 99 0.816187
157 100 1.309125
157 101 1.576069
157 102 1.463229
157 103 1.049697
157 104 1.716754
157 105 1.929498
157 106 1.572321
157 107 1.913992
157 108 2.187981
157 109 2.266382
157 110 2.117310
157 111 2.560605
157 112 2.450004
157 113 2.031494
157 114 2.520193
157 115 2.675385
157 116 2.341327
157 117 2.195372
157 118 1.790699
157 119 1.533851
157 120 1.056598
157 121 1.316571
157 122 1.561311
157 123 1.591016
157 124 1.079935
157 125 1.466347
157 126 1.853019
157 127 1.772959
157 128 1.564474
157 129 1.987159
157 130 2.224516
157 131 1.942665
157 132 2.027218
157 133 2.495463
157 134 2.649455
157 135 2.193906
157 136 2.796159
157 137 3.040411
157 138 3.091470
157 139 3.162393
157 140 3.379965
157 141 3.534633
157 142 3.377277
157 143 3.589007
157 144 3.964448
157 145 3.957829
157 146 3.977204
157 147 4.324214
157 148 4.558712
157 149 4.332070
157 150 4.335479
157 151 4.930794
157 152 5.093835
158 0 2.502998
158 1 2.678184
158 2 2.357717
158 3 2.143744
158 4 2.383251
158 5 2.386285
158 6 1.794230
158 7 1.806162
158 8 1.526897
158 9 1.358981
158 10 1.464886
158 11 1.314209
158 12 0.962879
158 13 0.973982
158 14 1.107280
158 15 0.940720
158 16 0.669584
158 17 0.837380
158 18 0.876479
158 19 0.562315
158 20 0.401356
158 21 0.652455
158 22 0.732955
158 23 0.280677
158 24 0.470722
158 25 0.839227
158 26 0.940663
158 27 0.670618
158 28 1.020613
158 29 1.266033
158 30 1.181051
158 31 1.395405
158 32 1.623851
158 33 1.789175
158 34 1.621032
158 35 1.924230
158 36 2.204652
158 37 2.318810
158 38 2.619944
158 39 2.535095
158 40 2.160241
158 41 2.198162
158 42 2.096400
158 43 1.999989
158 44 1.721469
158 45 1.586068
158 46 1.515411
158 47 0.829887
158 48 1.460411
158 49 1.733861
158 50 1.598703
158 51 1.506324
158 52 1.981619
158 53 2.223720
158 54 2.227356
158 55 2.298118
158 56 2.467995
158 57 2.751580
158 58 2.645029
158 59 2.976811
158 60 3.199636
158 61 3.147534
158 62 3.088225
158 63 3.628685
158 64 3.716258
158 65 3.789115
158 66 4.028053
158 67 4.221120
158 68 3.998805
158 69 4.180428
158 70 4.616909
158 71 4.655504
158 72 4.501674
158 73 4.892280
158 74 5.139843
158 75 5.092293
158 76 5.049521
158 77 5.551288
158 78 5.646132
158 79 5.608573
158 80 2.196530
158 81 1.821900
158 82 1.820706
158 83 1.948527
158 84 1.676841
158 85 1.361939
158 86 1.533639
158 87 1.476959
158 88 1.029282
158 89 1.059755
158 90 1.336966
158 91 1.232689
158 92 0.606675
158 93 1.062111
158 94 1.265246
158 95 0.676953
158 96 0.631772
158 97 1.227930
158 98 1.422666
158 99 1.055083
158 100 1.302868
158 101 1.625672
158 102 1.742643
158 103 1.302071
158 104 1.877303
158 105 2.133833
158 106 2.008709
158 107 2.174687
158 108 2.430728
158 109 2.611941
158 110 2.525933
158 111 2.914625
158 112 2.739940
158 113 2.338756
158 114 2.742008
158 115 2.785212
158 116 2.417328
158 117 2.244858
158 118 1.841265
158 119 1.663485
158 120 1.065358
158 121 1.411947
158 122 1.716872
158 123 1.855740
158 124 1.424457
158 125 1.672693
158 126 2.100584
158 127 2.169312
158 128 1.942647
158 129 2.325698
158 130 2.578687
158 131 2.428215
158 132 2.469758
158 133 2.893693
158 134 3.080122
158 135 2.718503
158 136 3.239879
158 137 3.474102
158 138 3.582579
158 139 3.648808
158 140 3.808775
158 141 3.994532
158 142 3.919977
158 143 4.043776
158 144 4.408091
158 145 4.483642
158 146 4.506334
158 147 4.788161
158 148 5.054793
158 149 4.895714
158 150 4.871890
158 151 5.433920
158 152 5.602893
159 0 2.255418
159 1 2.426882
159 2 2.099253
159 3 1.874712
159 4 2.056877
159 5 2.067948
159 6 1.503899
159 7 1.451233
159 8 1.120816
159 9 1.063615
159 10 1.225844
159 11 0.994481
159 12 0.562724
159 13 0.748343
159 14 0.853840
159 15 0.673718
159 16 0.364572
159 17 0.587527
159 18 0.769954
159 19 0.394098
159 20 0.275059
159 21 0.768170
159 22 0.684405
159 23 0.286460
159 24 0.929848
159 25 1.252858
159 26 1.047819
159 27 1.240416
159 28 1.530307
159 29 1.685580
159 30 1.347814
159 31 1.840629
159 32 2.089994
159 33 2.063824
159 34 2.145820
159 35 2.426641
159 36 2.609618
159 37 2.583878
159 38 2.966356
159 39 2.850748
159 40 2.454696
159 41 2.695674
159 42 2.616767
159 43 2.452773
159 44 2.132471
159 45 1.910174
159 46 1.760073
159 47 1.056447
159 48 1.690157
159 49 1.967688
159 50 1.906354
159 51 1.648746
159 52 2.158036
159 53 2.412217
159 54 2.357124
159 55 2.419723
159 56 2.658811
159 57 2.913552
159 58 2.720234
159 59 3.078194
159 60 3.339022
159 61 3.339290
159 62 3.143425
159 63 3.745253
159 64 3.894978
159 65 3.931340
159 66 4.135964
159 67 4.339608
159 68 4.245624
159 69 4.331336
159 70 4.749313
159 71 4.848146
159 72 4.717803
159 73 5.024170
159 74 5.267991
159 75 5.351189
159 76 5.252292
159 77 5.729577
159 78 5.855301
159 79 5.860376
159 80 2.253840
159 81 1.844982
159 82 1.757631
159 83 1.921909
159 84 1.717867
159 85 1.366241
159 86 1.515724
159 87 1.582720
159 88 1.235674
159 89 1.041331
159 90 1.394880
159 91 1.475906
159 92 0.928795
159 93 1.154220
159 94 1.483864
159 95 0.970909
159 96 0.788846
159 97 1.406348
159 98 1.617518
159 99 1.273937
159 100 1.358758
159 101 1.737714
159 102 1.883359
159 103 1.371853
159 104 1.934892
159 105 2.208307
159 106 2.081230
159 107 2.152985
159 108 2.454589
159 109 2.657903
159 110 2.553940
159 111 2.913096
159 112 2.686604
159 113 2.284332
159 114 2.695805
159 115 2.688724
159 116 2.319646
159 117 2.111563
159 118 1.731717
159 119 1.548739
159 120 1.105583
159 121 1.470879
159 122 1.738978
159 123 1.832119
159 124 1.530120
159 125 1.929439
159 126 2.240411
159 127 2.283607
159 128 2.232328
159 129 2.574981
159 130 2.779034
159 131 2.619298
159 132 2.880618
159 133 3.174718
159 134 3.307563
159 135 3.108871
159 136 3.569689
159 137 3.764256
159 138 3.792105
159 139 3.982333
159 140 4.144380
159 141 4.203781
159 142 4.259495
159 143 4.443259
159 144 4.687779
159 145 4.732024
159 146 4.884790
159 147 5.167366
159 148 5.359353
159 149 5.190461
159 150 5.283679
159 151 5.773655
159 152 5.913419
160 0 2.101773
160 1 2.210515
160 2 1.876865
160 3 1.669773
160 4 1.830892
160 5 1.820257
160 6 1.298218
160 7 1.207155
160 8 0.879617
160 9 0.835648
160 10 1.015113
160 11 0.810611
160 12 0.365662
160 13 0.636935
160 14 0.735880
160 15 0.406176
160 16 0.282186
160 17 0.639727
160 18 0.698909
160 19 0.335996
160 20 0.639936
160 21 0.900061
160 22 0.685907
160 23 0.477123
160 24 1.121996
160 25 1.312764
160 26 1.101704
160 27 1.408054
160 28 1.639634
160 29 1.767180
160 30 1.540037
160 31 2.001957
160 32 2.224918
160 33 2.219918
160 34 2.359730
160 35 2.604264
160 36 2.735699
160 37 2.765826
160 38 3.162313
160 39 3.105865
160 40 2.707154
160 41 2.894831
160 42 2.852665
160 43 2.722140
160 44 2.403510
160 45 2.193028
160 46 2.047142
160 47 1.264785
160 48 1.968257
160 49 2.244127
160 50 2.137985
160 51 1.858547
160 52 2.384417
160 53 2.644667
160 54 2.535227
160 55 2.593453
160 56 2.891242
160 57 3.107420
160 58 2.844428
160 59 3.223782
160 60 3.516930
160 61 3.490630
160 62 3.234692
160 63 3.898172
160 64 4.057686
160 65 4.050962
160 66 4.264899
160 67 4.481718
160 68 4.384315
160 69 4.411606
160 70 4.869205
160 71 5.003167
160 72 4.817973
160 73 5.111908
160 74 5.401811
160 75 5.479260
160 76 5.323333
160 77 5.830227
160 78 5.996651
160 79 5.942336
160 80 2.529133
160 81 2.099955
160 82 2.036381
160 83 2.221955
160 84 2.048004
160 85 1.551173
160 86 1.793976
160 87 1.888939
160 88 1.603902
160 89 1.366256
160 90 1.672770
160 91 1.761940
160 92 1.274251
160 93 1.350394
160 94 1.709571
160 95 1.307775
160 96 1.037379
160 97 1.648022
160 98 1.873435
160 99 1.552386
160 100 1.498840
160 101 1.921424
160 102 2.078050
160 103 1.531867
160 104 2.062089
160 105 2.344027
160 106 2.215864
160 107 2.196263
160 108 2.535447
160 109 2.756297
160 110 2.635208
160 111 2.950370
160 112 2.658916
160 113 2.279982
160 114 2.699981
160 115 2.639939
160 116 2.277056
160 117 2.034009
160 118 1.694253
160 119 1.472114
160 120 1.216133
160 121 1.476439
160 122 1.720891
160 123 1.882242
160 124 1.635830
160 125 1.917028
160 126 2.262193
160 127 2.376793
160 128 2.325449
160 129 2.633232
160 130 2.838279
160 131 2.759645
160 132 2.980964
160 133 3.248952
160 134 3.405056
160 135 3.261554
160 136 3.668653
160 137 3.848988
160 138 3.911134
160 139 4.099513
160 140 4.223639
160 141 4.286910
160 142 4.411111
160 143 4.540213
160 144 4.768103
160 145 4.866273
160 146 5.025768
160 147 5.263130
160 148 5.457483
160 149 5.351124
160 150 5.429800
160 151 5.870846
160 152 6.030839
161 0 2.033930
161 1 2.190807
161 2 1.902194
161 3 1.628156
161 4 1.653505
161 5 1.782489
161 6 1.343184
161 7 1.249389
161 8 0.948112
161 9 1.108588
161 10 1.195397
161 11 0.923455
161 12 0.616509
161 13 0.979628
161 14 0.926926
161 15 0.265964
161 16 0.669461
161 17 0.955779
161 18 0.824112
161 19 0.457645
161 20 0.898114
161 21 1.106745
161 22 0.736284
161 23 0.768210
161 24 1.306781
161 25 1.456117
161 26 1.203259
161 27 1.588600
161 28 1.815741
161 29 1.866452
161 30 1.701900
161 31 2.180385
161 32 2.385334
161 33 2.337619
161 34 2.546750
161 35 2.776380
161 36 2.858373
161 37 2.902951
161 38 3.318842
161 39 3.295228
161 40 2.883751
161 41 3.089299
161 42 3.077346
161 43 2.959995
161 44 2.638600
161 45 2.424300
161 46 2.235267
161 47 1.471351
161 48 2.075152
161 49 2.344048
161 50 2.330943
161 51 1.907455
161 52 2.365306
161 53 2.700147
161 54 2.607865
161 55 2.548846
161 56 2.864428
161 57 3.141601
161 58 2.848511
161 59 3.135286
161 60 3.509705
161 61 3.550492
161 62 3.158451
161 63 3.866239
161 64 4.058701
161 65 4.052524
161 66 4.237435
161 67 4.458719
161 68 4.445385
161 69 4.404872
161 70 4.810784
161 71 5.024844
161 72 4.852941
161 73 5.067286
161 74 5.366429
161 75 5.537169
161 76 5.337872
161 77 5.772997
161 78 6.012796
161 79 5.980408
161 80 2.608042
161 81 2.192483
161 82 2.075962
161 83 2.278888
161 84 2.188035
161 85 1.685330
161 86 1.899400
161 87 1.987963
161 88 1.792344
161 89 1.494857
161 90 1.739373
161 91 1.786171
161 92 1.385229
161 93 1.290434
161 94 1.630118
161 95 1.481554
161 96 1.020836
161 97 1.407539
161 98 1.730058
161 99 1.558749
161 100 1.191341
161 101 1.730302
161 102 1.944191
161 103 1.548942
161 104 1.899644
161 105 2.177138
161 106 2.240862
161 107 1.946791
161 108 2.334587
161 109 2.632937
161 110 2.611893
161 111 2.854255
161 112 2.569574
161 113 2.219653
161 114 2.542131
161 115 2.398828
161 116 2.058717
161 117 1.833229
161 118 1.548383
161 119 1.410553
161 120 1.163822
161 121 1.498464
161 122 1.719094
161 123 1.785168
161 124 1.733073
161 125 1.957098
161 126 2.285977
161 127 2.431682
161 128 2.421842
161 129 2.655762
161 130 2.882228
161 131 2.851631
161 132 3.076310
161 133 3.311853
161 134 3.449844
161 135 3.397236
161 136 3.750159
161 137 3.883263
161 138 3.964993
161 139 4.186209
161 140 4.289952
161 141 4.325898
161 142 4.523427
161 143 4.629532
161 144 4.818170
161 145 4.927477
161 146 5.135505
161 147 5.342267
161 148 5.506420
161 149 5.442357
161 150 5.544003
161 151 5.922668
161 152 6.100007
162 0 1.842795
162 1 2.059854
162 2 1.855491
162 3 1.466268
162 4 1.474892
162 5 1.825326
162 6 1.317951
162 7 1.532572
162 8 1.349149
162 9 1.477557
162 10 1.326443
162 11 1.004891
162 12 1.032225
162 13 1.218918
162 14 0.976037
162 15 0.348858
162 16 0.896283
162 17 1.102920
162 18 0.843078
162 19 0.690940
162 20 1.117784
162 21 1.281320
162 22 0.831459
162 23 1.099487
162 24 1.519477
162 25 1.586823
162 26 1.240567
162 27 1.752659
162 28 1.981063
162 29 1.888983
162 30 1.735177
162 31 2.280078
162 32 2.461158
162 33 2.260739
162 34 2.572087
162 35 2.827140
162 36 2.830212
162 37 2.842321
162 38 3.293329
162 39 3.310656
162 40 2.902965
162 41 3.178417
162 42 3.204480
162 43 3.092029
162 44 2.782271
162 45 2.551829
162 46 2.335023
162 47 1.625650
162 48 2.162773
162 49 2.417601
162 50 2.356623
162 51 1.904588
162 52 2.379272
162 53 2.692867
162 54 2.530063
162 55 2.464681
162 56 2.855394
162 57 3.066762
162 58 2.690887
162 59 2.997381
162 60 3.404500
162 61 3.414182
162 62 2.951504
162 63 3.721969
162 64 3.920805
162 65 3.865848
162 66 4.058245
162 67 4.293143
162 68 4.280172
162 69 4.171259
162 70 4.607644
162 71 4.869329
162 72 4.638562
162 73 4.834996
162 74 5.182286
162 75 5.350872
162 76 5.087149
162 77 5.528913
162 78 5.813272
162 79 5.744403
162 80 2.826493
162 81 2.476827
162 82 2.294339
162 83 2.465972
162 84 2.396042
162 85 2.037127
162 86 2.025154
162 87 2.207500
162 88 2.055801
162 89 1.680056
162 90 1.943997
162 91 2.076670
162 92 1.682327
162 93 1.475669
162 94 1.891195
162 95 1.700603
162 96 1.296113
162 97 1.561583
162 98 1.858793
162 99 1.612139
162 100 1.285076
162 101 1.737761
162 102 1.935687
162 103 1.510281
162 104 1.795464
162 105 2.069237
162 106 2.119166
162 107 1.736450
162 108 2.127426
162 109 2.450052
162 110 2.394924
162 111 2.564013
162 112 2.250355
162 113 1.936441
162 114 2.253492
162 115 2.051336
162 116 1.736759
162 117 1.458785
162 118 1.257501
162 119 1.155195
162 120 1.098417
162 121 1.359690
162 122 1.456027
162 123 1.582489
162 124 1.672701
162 125 1.893261
162 126 2.057045
162 127 2.248271
162 128 2.360074
162 129 2.461202
162 130 2.707223
162 131 2.722218
162 132 3.006698
162 133 3.166348
162 134 3.255050
162 135 3.342782
162 136 3.623669
162 137 3.665912
162 138 3.783499
162 139 4.047201
162 140 4.144561
162 141 4.099083
162 142 4.412031
162 143 4.525887
162 144 4.621469
162 145 4.753455
162 146 5.028060
162 147 5.207552
162 148 5.286371
162 149 5.299185
162 150 5.455999
162 151 5.721310
162 152 5.888824
163 0 1.718470
163 1 1.943216
163 2 1.808480
163 3 1.382827
163 4 1.333146
163 5 1.750247
163 6 1.340926
163 7 1.576003
163 8 1.455083
163 9 1.637760
163 10 1.438043
163 11 1.144502
163 12 1.244170
163 13 1.410035
163 14 1.096087
163 15 0.619835
163 16 1.136814
163 17 1.328565
163 18 0.919185
163 19 0.952167
163 20 1.364348
163 21 1.447856
163 22 1.049923
163 23 1.401214
163 24 1.729524
163 25 1.703641
163 26 1.464309
163 27 1.984825
163 28 2.190395
163 29 2.044330
163 30 1.980364
163 31 2.499851
163 32 2.648150
163 33 2.432440
163 34 2.772015
163 35 3.026627
163 36 2.974745
163 37 3.013736
163 38 3.472448
163 39 3.506239
163 40 3.119639
163 41 3.392833
163 42 3.441103
163 43 3.357021
163 44 3.055220
163 45 2.831162
163 46 2.610765
163 47 1.907194
163 48 2.426671
163 49 2.668916
163 50 2.571977
163 51 2.124132
163 52 2.577642
163 53 2.890923
163 54 2.693218
163 55 2.603518
163 56 3.025797
163 57 3.214803
163 58 2.785175
163 59 3.078935
163 60 3.519816
163 61 3.521132
163 62 2.986185
163 63 3.801298
163 64 4.008822
163 65 3.919760
163 66 4.109592
163 67 4.353164
163 68 4.357119
163 69 4.182553
163 70 4.625168
163 71 4.914189
163 72 4.670328
163 73 4.831692
163 74 5.219040
163 75 5.403738
163 76 5.082207
163 77 5.508352
163 78 5.830926
163 79 5.749477
163 80 3.185447
163 81 2.881245
163 82 2.656121
163 83 2.799317
163 84 2.760887
163 85 2.402002
163 86 2.337276
163 87 2.509211
163 88 2.392397
163 89 2.057924
163 90 2.233226
163 91 2.368357
163 92 2.021961
163 93 1.684524
163 94 2.132204
163 95 2.028724
163 96 1.614605
163 97 1.769328
163 98 2.102375
163 99 1.863308
163 100 1.494015
163 101 1.918966
163 102 2.109014
163 103 1.722815
163 104 1.878274
163 105 2.175282
163 106 2.243143
163 107 1.756678
163 108 2.142593
163 109 2.502920
163 110 2.409760
163 111 2.519402
163 112 2.198878
163 113 1.938068
163 114 2.186436
163 115 1.921584
163 116 1.662952
163 117 1.326483
163 118 1.272655
163 119 1.198034
163 120 1.306521
163 121 1.485383
163 122 1.412708
163 123 1.662780
163 124 1.854190
163 125 1.982506
163 126 2.023091
163 127 2.324198
163 128 2.493109
163 129 2.475858
163 130 2.767782
163 131 2.850600
163 132 3.109515
163 133 3.208972
163 134 3.318231
163 135 3.468535
163 136 3.703518
163 137 3.700201
163 138 3.852077
163 139 4.128026
163 140 4.195736
163 141 4.126208
163 142 4.519641
163 143 4.597711
163 144 4.649738
163 145 4.820105
163 146 5.122854
163 147 5.260868
163 148 5.311782
163 149 5.389914
163 150 5.549604
163 151 5.742462
163 152 5.919661
164 0 1.456686
164 1 1.798140
164 2 1.760882
164 3 1.288590
164 4 1.312934
164 5 1.784153
164 6 1.352736
164 7 1.676459
164 8 1.587306
164 9 1.695330
164 10 1.436217
164 11 1.190082
164 12 1.284019
164 13 1.359287
164 14 0.916091
164 15 0.679634
164 16 1.124723
164 17 1.121934
164 18 0.660680
164 19 0.866303
164 20 1.162624
164 21 0.799097
164 22 0.620800
164 23 1.024391
164 24 1.229448
164 25 0.786675
164 26 0.947518
164 27 1.363978
164 28 1.475753
164 29 1.177004
164 30 1.510255
164 31 1.779115
164 32 1.756726
164 33 1.782270
164 34 2.052582
164 35 2.263319
164 36 2.116879
164 37 2.327928
164 38 2.749064
164 39 2.895295
164 40 2.504743
164 41 2.636607
164 42 2.735946
164 43 2.794371
164 44 2.531795
164 45 2.381938
164 46 2.244351
164 47 1.496879
164 48 2.135525
164 49 2.334975
164 50 1.994724
164 51 1.704544
164 52 2.218913
164 53 2.445294
164 54 2.111325
164 55 2.182937
164 56 2.555780
164 57 2.623452
164 58 2.157259
164 59 2.618166
164 60 2.967129
164 61 2.822463
164 62 2.407342
164 63 3.219760
164 64 3.386359
164 65 3.206887
164 66 3.466853
164 67 3.719005
164 68 3.600972
164 69 3.434096
164 70 4.007345
164 71 4.225743
164 72 3.884930
164 73 4.136472
164 74 4.542863
164 75 4.618072
164 76 4.285433
164 77 4.848594
164 78 5.093800
164 79 4.923378
164 80 3.715292
164 81 3.314026
164 82 3.166589
164 83 3.278784
164 84 3.124869
164 85 2.785756
164 86 2.762592
164 87 2.814498
164 88 2.606404
164 89 2.358418
164 90 2.523446
164 91 2.511679
164 92 2.068837
164 93 2.067396
164 94 2.297003
164 95 1.947808
164 96 1.709761
164 97 1.937189
164 98 2.082378
164 99 1.696048
164 100 1.605496
164 101 1.926913
164 102 1.863417
164 103 1.308630
164 104 1.719191
164 105 1.950192
164 106 1.698829
164 107 1.450660
164 108 1.854116
164 109 2.063457
164 110 1.758270
164 111 1.908815
164 112 1.523573
164 113 1.262295
164 114 1.716935
164 115 1.621366
164 116 1.294107
164 117 0.955007
164 118 0.815994
164 119 0.513208
164 120 0.799574
164 121 0.714300
164 122 0.591367
164 123 1.032413
164 124 1.211875
164 125 1.005993
164 126 1.168683
164 127 1.529617
164 128 1.648529
164 129 1.542838
164 130 1.913091
164 131 2.116154
164 132 2.203252
164 133 2.326529
164 134 2.514670
164 135 2.642833
164 136 2.777519
164 137 2.920243
164 138 3.088330
164 139 3.275772
164 140 3.278474
164 141 3.322026
164 142 3.699047
164 143 3.661562
164 144 3.783099
164 145 4.048276
164 146 4.257829
164 147 4.338798
164 148 4.498833
164 149 4.616056
164 150 4.648608
164 151 4.864559
164 152 5.103854
165 0 1.807434
165 1 2.044862
165 2 1.883442
165 3 1.461959
165 4 1.530254
165 5 1.886480
165 6 1.356791
165 7 1.622129
165 8 1.473399
165 9 1.536212
165 10 1.349321
165 11 1.052826
165 12 1.064195
165 13 1.185479
165 14 0.899523
165 15 0.427940
165 16 0.869800
165 17 0.992332
165 18 0.701415
165 19 0.521856
165 20 0.940472
165 21 0.799986
165 22 0.342720
165 23 0.849402
165 24 1.013620
165 25 0.568591
165 26 0.702801
165 27 1.108889
165 28 1.225692
165 29 0.964974
165 30 1.227459
165 31 1.546643
165 32 1.553144
165 33 1.541659
165 34 1.835898
165 35 2.055575
165 36 1.903440
165 37 2.089121
165 38 2.517683
165 39 2.660816
165 40 2.276640
165 41 2.422355
165 42 2.509037
165 43 2.562414
165 44 2.294515
165 45 2.118288
165 46 1.912679
165 47 1.207829
165 48 1.743378
165 49 1.962137
165 50 1.766902
165 51 1.383363
165 52 1.862918
165 53 2.127427
165 54 1.862867
165 55 1.856710
165 56 2.263129
165 57 2.374896
165 58 1.908146
165 59 2.358545
165 60 2.715973
165 61 2.579130
165 62 2.171211
165 63 2.974335
165 64 3.141535
165 65 2.981305
165 66 3.231104
165 67 3.481086
165 68 3.369848
165 69 3.221046
165 70 3.780130
165 71 3.996728
165 72 3.670124
165 73 3.924976
165 74 4.322824
165 75 4.398520
165 76 4.087873
165 77 4.642655
165 78 4.879951
165 79 4.727185
165 80 3.393641
165 81 3.007153
165 82 2.853277
165 83 2.930344
165 84 2.771064
165 85 2.438141
165 86 2.405866
165 87 2.441288
165 88 2.232899
165 89 1.986526
165 90 2.141701
165 91 2.087278
165 92 1.648313
165 93 1.686171
165 94 1.813124
165 95 1.524987
165 96 1.321896
165 97 1.523482
165 98 1.561040
165 99 1.220730
165 100 1.108566
165 101 1.383271
165 102 1.422660
165 103 0.957828
165 104 1.267024
165 105 1.530286
165 106 1.447444
165 107 1.146250
165 108 1.556330
165 109 1.803109
165 110 1.524707
165 111 1.701703
165 112 1.335322
165 113 1.038609
165 114 1.514433
165 115 1.473498
165 116 1.140403
165 117 0.812142
165 118 0.574825
165 119 0.277587
165 120 0.476733
165 121 0.509218
165 122 0.428628
165 123 0.781695
165 124 0.963302
165 125 0.825585
165 126 0.987508
165 127 1.291409
165 128 1.426978
165 129 1.354150
165 130 1.691842
165 131 1.884349
165 132 1.996119
165 133 2.119305
165 134 2.294266
165 135 2.417006
165 136 2.582824
165 137 2.707003
165 138 2.858073
165 139 3.058208
165 140 3.082047
165 141 3.110059
165 142 3.474442
165 143 3.467604
165 144 3.583308
165 145 3.822344
165 146 4.044060
165 147 4.145905
165 148 4.291720
165 149 4.387408
165 150 4.444303
165 151 4.673496
165 152 4.896319
166 0 2.112142
166 1 2.339931
166 2 2.137741
166 3 1.748538
166 4 1.843398
166 5 2.157649
166 6 1.574155
166 7 1.788246
166 8 1.585414
166 9 1.611361
166 10 1.486649
166 11 1.182775
166 12 1.101187
166 13 1.207904
166 14 0.976865
166 15 0.518321
166 16 0.864421
166 17 0.977290
166 18 0.736771
166 19 0.288977
166 20 0.818538
166 21 0.985911
166 22 0.254423
166 23 0.716498
166 24 1.079221
166 25 0.911681
166 26 0.500355
166 27 1.055705
166 28 1.260098
166 29 1.070814
166 30 0.986335
166 31 1.487330
166 32 1.641747
166 33 1.418337
166 34 1.739718
166 35 1.995881
166 36 1.967367
166 37 1.998876
166 38 2.451226
166 39 2.495839
166 40 2.101747
166 41 2.364564
166 42 2.422521
166 43 2.365825
166 44 2.077775
166 45 1.874537
166 46 1.677016
166 47 0.994075
166 48 1.523415
166 49 1.748733
166 50 1.555933
166 51 1.169670
166 52 1.635063
166 53 1.903737
166 54 1.674146
166 55 1.619962
166 56 2.031387
166 57 2.204192
166 58 1.787992
166 59 2.131355
166 60 2.525930
166 61 2.514263
166 62 2.063104
166 63 2.831307
166 64 3.024778
166 65 2.960515
166 66 3.159318
166 67 3.395310
166 68 3.373102
166 69 3.277247
166 70 3.725274
166 71 3.967139
166 72 3.736191
166 73 3.952576
166 74 4.287607
166 75 4.443737
166 76 4.201070
166 77 4.656968
166 78 4.914654
166 79 4.853460
166 80 2.968708
166 81 2.594856
166 82 2.423491
166 83 2.495310
166 84 2.350782
166 85 2.013918
166 86 1.946757
166 87 1.949155
166 88 1.770039
166 89 1.503235
166 90 1.588053
166 91 1.574709
166 92 1.224573
166 93 1.128597
166 94 1.322693
166 95 1.184624
166 96 0.830393
166 97 0.953156
166 98 1.201755
166 99 0.992519
166 100 0.630687
166 101 1.057443
166 102 1.176122
166 103 0.748776
166 104 1.018761
166 105 1.284524
166 106 1.239552
166 107 0.950711
166 108 1.340079
166 109 1.584861
166 110 1.495557
166 111 1.720853
166 112 1.442437
166 113 1.075878
166 114 1.440018
166 115 1.394383
166 116 1.024531
166 117 0.820383
166 118 0.436588
166 119 0.364260
166 120 0.322338
166 121 0.502422
166 122 0.722470
166 123 0.688369
166 124 0.823342
166 125 1.091823
166 126 1.257623
166 127 1.359126
166 128 1.495539
166 129 1.637903
166 130 1.823152
166 131 1.835019
166 132 2.137136
166 133 2.287329
166 134 2.348576
166 135 2.470377
166 136 2.740841
166 137 2.763677
166 138 2.876295
166 139 3.152406
166 140 3.266695
166 141 3.201099
166 142 3.517933
166 143 3.655280
166 144 3.730558
166 145 3.845852
166 146 4.137402
166 147 4.325518
166 148 4.386541
166 149 4.395238
166 150 4.574131
166 151 4.826920
166 152 4.986633
167 0 2.445598
167 1 2.655487
167 2 2.407163
167 3 2.056762
167 4 2.154545
167 5 2.430787
167 6 1.818568
167 7 1.965504
167 8 1.699800
167 9 1.725070
167 10 1.672702
167 11 1.368696
167 12 1.217084
167 13 1.327292
167 14 1.174147
167 15 0.713108
167 16 0.904815
167 17 1.107948
167 18 0.924952
167 19 0.312420
167 20 0.871068
167 21 1.076080
167 22 0.459799
167 23 0.552446
167 24 1.123503
167 25 1.293709
167 26 0.887893
167 27 1.317327
167 28 1.567068
167 29 1.482432
167 30 1.076851
167 31 1.741933
167 32 1.954238
167 33 1.589125
167 34 1.937787
167 35 2.213826
167 36 2.276339
167 37 2.140106
167 38 2.591706
167 39 2.528136
167 40 2.131770
167 41 2.552279
167 42 2.566850
167 43 2.373709
167 44 2.086174
167 45 1.828537
167 46 1.558540
167 47 1.064181
167 48 1.336114
167 49 1.579389
167 50 1.611439
167 51 1.095942
167 52 1.513569
167 53 1.867949
167 54 1.790290
167 55 1.684131
167 56 2.005111
167 57 2.292854
167 58 2.029099
167 59 2.255962
167 60 2.650466
167 61 2.729792
167 62 2.323439
167 63 3.013420
167 64 3.208804
167 65 3.233290
167 66 3.399701
167 67 3.613151
167 68 3.631281
167 69 3.601377
167 70 3.950198
167 71 4.183241
167 72 4.062518
167 73 4.237788
167 74 4.512223
167 75 4.727262
167 76 4.573304
167 77 4.939096
167 78 5.178468
167 79 5.215671
167 80 2.428306
167 81 2.111730
167 82 1.885739
167 83 1.900124
167 84 1.794633
167 85 1.466472
167 86 1.352892
167 87 1.414654
167 88 1.280555
167 89 0.959504
167 90 1.086626
167 91 1.174680
167 92 0.830376
167 93 0.592182
167 94 0.935477
167 95 0.934521
167 96 0.401670
167 97 0.675555
167 98 0.992418
167 99 0.762971
167 100 0.400971
167 101 0.842945
167 102 1.072063
167 103 0.732378
167 104 1.004628
167 105 1.268532
167 106 1.402121
167 107 1.090177
167 108 1.460845
167 109 1.771976
167 110 1.829025
167 111 2.105793
167 112 1.929219
167 113 1.539295
167 114 1.793082
167 115 1.720823
167 116 1.388708
167 117 1.302201
167 118 0.962480
167 119 0.934898
167 120 0.311137
167 121 1.009710
167 122 1.244833
167 123 1.028068
167 124 1.113741
167 125 1.532857
167 126 1.716976
167 127 1.683824
167 128 1.847451
167 129 2.101726
167 130 2.201203
167 131 2.063887
167 132 2.472909
167 133 2.669144
167 134 2.665581
167 135 2.727323
167 136 3.079234
167 137 3.097951
167 138 3.165675
167 139 3.459863
167 140 3.642647
167 141 3.557171
167 142 3.745958
167 143 4.003681
167 144 4.101345
167 145 4.114869
167 146 4.409841
167 147 4.678671
167 148 4.722082
167 149 4.622021
167 150 4.839372
167 151 5.181291
167 152 5.307071
168 0 2.821445
168 1 3.025002
168 2 2.743127
168 3 2.428955
168 4 2.509967
168 5 2.727012
168 6 2.139977
168 7 2.194223
168 8 1.890247
168 9 1.930735
168 10 1.960709
168 11 1.656871
168 12 1.450234
168 13 1.578904
168 14 1.485506
168 15 1.020799
168 16 1.101937
168 17 1.361466
168 18 1.227201
168 19 0.573734
168 20 1.082115
168 21 1.285973
168 22 0.699732
168 23 0.632204
168 24 1.229938
168 25 1.425174
168 26 1.066202
168 27 1.337976
168 28 1.595462
168 29 1.714467
168 30 1.273482
168 31 1.840879
168 32 2.100256
168 33 1.979189
168 34 2.135706
168 35 2.395792
168 36 2.574018
168 37 2.494315
168 38 2.887053
168 39 2.741006
168 40 2.339826
168 41 2.668547
168 42 2.585985
168 43 2.388529
168 44 2.067263
168 45 1.821715
168 46 1.631437
168 47 1.036991
168 48 1.424185
168 49 1.725674
168 50 1.829181
168 51 1.433211
168 52 1.696364
168 53 2.118066
168 54 2.181204
168 55 2.030620
168 56 2.196448
168 57 2.619050
168 58 2.489535
168 59 2.638276
168 60 2.983503
168 61 3.143411
168 62 2.771161
168 63 3.378305
168 64 3.572822
168 65 3.671126
168 66 3.808578
168 67 3.996150
168 68 4.054474
168 69 4.079579
168 70 4.381858
168 71 4.554602
168 72 4.531618
168 73 4.707333
168 74 4.906831
168 75 5.153822
168 76 5.071082
168 77 5.414693
168 78 5.563714
168 79 5.687587
168 80 1.915862
168 81 1.574907
168 82 1.355615
168 83 1.447054
168 84 1.354640
168 85 0.997955
168 86 0.955869
168 87 1.114542
168 88 0.958361
168 89 0.670414
168 90 0.852314
168 91 0.926700
168 92 0.607675
168 93 0.396891
168 94 0.689186
168 95 0.760779
168 96 0.253579
168 97 0.523250
168 98 0.886954
168 99 0.972605
168 100 0.475701
168 101 1.067225
168 102 1.303349
168 103 1.194184
168 104 1.440933
168 105 1.673607
168 106 1.826042
168 107 1.674365
168 108 1.989398
168 109 2.254228
168 110 2.354351
168 111 2.661276
168 112 2.554521
168 113 2.137387
168 114 2.407991
168 115 2.377076
168 116 2.052048
168 117 1.975695
168 118 1.613901
168 119 1.518810
168 120 0.821438
168 121 1.455541
168 122 1.730315
168 123 1.614767
168 124 1.481394
168 125 1.967487
168 126 2.216171
168 127 2.206664
168 128 2.208312
168 129 2.549388
168 130 2.733428
168 131 2.521961
168 132 2.865789
168 133 3.136024
168 134 3.157893
168 135 3.061394
168 136 3.523237
168 137 3.588308
168 138 3.624286
168 139 3.918464
168 140 4.106608
168 141 4.056227
168 142 4.145999
168 143 4.412704
168 144 4.610447
168 145 4.538147
168 146 4.821033
168 147 5.125903
168 148 5.191966
168 149 5.003505
168 150 5.223441
168 151 5.664971
168 152 5.750716
169 0 2.968693
169 1 3.110995
169 2 2.794064
169 3 2.546489
169 4 2.675246
169 5 2.768496
169 6 2.190162
169 7 2.182950
169 8 1.861645
169 9 1.822680
169 10 1.936721
169 11 1.680143
169 12 1.354389
169 13 1.541480
169 14 1.576744
169 15 1.198807
169 16 1.047010
169 17 1.396272
169 18 1.453969
169 19 0.877035
169 20 1.192956
169 21 1.482569
169 22 1.004092
169 23 0.779693
169 24 1.397265
169 25 1.611294
169 26 1.294219
169 27 1.443269
169 28 1.707768
169 29 1.860364
169 30 1.355576
169 31 1.902980
169 32 2.179229
169 33 2.064292
169 34 2.115317
169 35 2.425693
169 36 2.626102
169 37 2.531898
169 38 2.895174
169 39 2.674889
169 40 2.288131
169 41 2.660019
169 42 2.526038
169 43 2.291459
169 44 1.979053
169 45 1.729796
169 46 1.532725
169 47 1.086571
169 48 1.465359
169 49 1.733253
169 50 1.819226
169 51 1.542430
169 52 1.940500
169 53 2.237486
169 54 2.290124
169 55 2.311918
169 56 2.443549
169 57 2.791574
169 58 2.707836
169 59 2.988430
169 60 3.222444
169 61 3.292172
169 62 3.119689
169 63 3.656719
169 64 3.810287
169 65 3.906979
169 66 4.084332
169 67 4.266567
169 68 4.198641
169 69 4.360528
169 70 4.707416
169 71 4.766423
169 72 4.728063
169 73 5.025260
169 74 5.197464
169 75 5.321772
169 76 5.295879
169 77 5.717763
169 78 5.788030
169 79 5.885836
169 80 1.526773
169 81 1.115807
169 82 0.993949
169 83 1.185400
169 84 1.018645
169 85 0.664888
169 86 0.737359
169 87 0.872809
169 88 0.699061
169 89 0.352511
169 90 0.606406
169 91 0.799801
169 92 0.456236
169 93 0.227149
169 94 0.801766
169 95 0.665982
169 96 0.296490
169 97 0.956779
169 98 1.286042
169 99 1.037231
169 100 1.016385
169 101 1.562772
169 102 1.710454
169 103 1.361229
169 104 1.873384
169 105 2.120873
169 106 2.077865
169 107 2.184198
169 108 2.455965
169 109 2.639556
169 110 2.601887
169 111 2.984667
169 112 2.858955
169 113 2.426606
169 114 2.804135
169 115 2.839386
169 116 2.478453
169 117 2.331221
169 118 1.927182
169 119 1.780907
169 120 1.078276
169 121 1.698784
169 122 1.977031
169 123 1.922743
169 124 1.641420
169 125 2.155978
169 126 2.417303
169 127 2.350521
169 128 2.341479
169 129 2.708440
169 130 2.891739
169 131 2.614997
169 132 2.959207
169 133 3.270464
169 134 3.333821
169 135 3.112224
169 136 3.627779
169 137 3.809479
169 138 3.788403
169 139 4.002335
169 140 4.222984
169 141 4.235929
169 142 4.227618
169 143 4.505183
169 144 4.743415
169 145 4.698118
169 146 4.869459
169 147 5.217216
169 148 5.373058
169 149 5.121192
169 150 5.258342
169 151 5.778494
169 152 5.907300
170 0 3.259183
170 1 3.412897
170 2 3.089646
170 3 2.856243
170 4 3.003882
170 5 3.056631
170 6 2.490980
170 7 2.454509
170 8 2.119079
170 9 2.079007
170 10 2.212897
170 11 1.980014
170 12 1.561177
170 13 1.786013
170 14 1.847586
170 15 1.535623
170 16 1.335389
170 17 1.636211
170 18 1.697549
170 19 1.195439
170 20 1.356881
170 21 1.659289
170 22 1.329876
170 23 0.991304
170 24 1.577293
170 25 1.848575
170 26 1.546182
170 27 1.512278
170 28 1.881600
170 29 2.042280
170 30 1.496392
170 31 2.015078
170 32 2.299582
170 33 2.175019
170 34 2.143638
170 35 2.487761
170 36 2.703193
170 37 2.586875
170 38 2.913471
170 39 2.623441
170 40 2.258504
170 41 2.676548
170 42 2.501222
170 43 2.226052
170 44 1.933668
170 45 1.685174
170 46 1.440117
170 47 1.190542
170 48 1.451218
170 49 1.695188
170 50 1.853487
170 51 1.627993
170 52 1.902192
170 53 2.235963
170 54 2.360125
170 55 2.378112
170 56 2.423839
170 57 2.817502
170 58 2.816243
170 59 3.042828
170 60 3.252259
170 61 3.354342
170 62 3.220634
170 63 3.704111
170 64 3.848345
170 65 3.984174
170 66 4.150455
170 67 4.296226
170 68 4.246152
170 69 4.465562
170 70 4.761810
170 71 4.795484
170 72 4.816583
170 73 5.116685
170 74 5.242519
170 75 5.374776
170 76 5.405919
170 77 5.793802
170 78 5.821166
170 79 5.966719
170 80 1.281314
170 81 0.874210
170 82 0.756925
170 83 0.969499
170 84 0.819479
170 85 0.441612
170 86 0.612913
170 87 0.743681
170 88 0.411225
170 89 0.271110
170 90 0.641887
170 91 0.720744
170 92 0.350363
170 93 0.652183
170 94 0.910501
170 95 0.662434
170 96 0.483312
170 97 1.108055
170 98 1.293535
170 99 1.073764
170 100 1.332554
170 101 1.645891
170 102 1.764689
170 103 1.528846
170 104 2.008024
170 105 2.229231
170 106 2.207361
170 107 2.372488
170 108 2.606817
170 109 2.737919
170 110 2.755450
170 111 3.154145
170 112 3.077770
170 113 2.637344
170 114 3.009015
170 115 3.064373
170 116 2.723441
170 117 2.604847
170 118 2.195157
170 119 2.050570
170 120 1.270105
170 121 1.960289
170 122 2.236346
170 123 2.133031
170 124 1.835611
170 125 2.363679
170 126 2.629907
170 127 2.506854
170 128 2.498212
170 129 2.880652
170 130 3.057164
170 131 2.712938
170 132 3.072073
170 133 3.411440
170 134 3.447209
170 135 3.177773
170 136 3.736637
170 137 3.922651
170 138 3.873509
170 139 4.085560
170 140 4.326761
170 141 4.337541
170 142 4.263575
170 143 4.599135
170 144 4.851668
170 145 4.752062
170 146 4.913673
170 147 5.292644
170 148 5.450239
170 149 5.141016
170 150 5.288441
170 151 5.840187
170 152 5.963286
171 0 3.455240
171 1 3.609264
171 2 3.271246
171 3 3.070750
171 4 3.251352
171 5 3.207683
171 6 2.696559
171 7 2.581697
171 8 2.247023
171 9 2.170046
171 10 2.382437
171 11 2.199612
171 12 1.559665
171 13 1.969332
171 14 2.035093
171 15 1.819342
171 16 1.543716
171 17 1.790113
171 18 1.818104
171 19 1.374796
171 20 1.397392
171 21 1.678977
171 22 1.554262
171 23 1.085315
171 24 1.435804
171 25 1.764018
171 26 1.600773
171 27 1.211057
171 28 1.745224
171 29 1.963489
171 30 1.565545
171 31 1.894106
171 32 2.172892
171 33 2.238101
171 34 1.915075
171 35 2.306694
171 36 2.608696
171 37 2.586192
171 38 2.823577
171 39 2.533855
171 40 2.209124
171 41 2.484957
171 42 2.246902
171 43 1.994881
171 44 1.733721
171 45 1.547266
171 46 1.402851
171 47 1.202743
171 48 1.521015
171 49 1.735864
171 50 1.788904
171 51 1.779867
171 52 1.976790
171 53 2.301039
171 54 2.456132
171 55 2.517902
171 56 2.496375
171 57 2.896543
171 58 2.962609
171 59 3.159620
171 60 3.339341
171 61 3.420666
171 62 3.380139
171 63 3.805345
171 64 3.922021
171 65 4.080530
171 66 4.259620
171 67 4.371631
171 68 4.275275
171 69 4.586721
171 70 4.865476
171 71 4.858848
171 72 4.881148
171 73 5.245407
171 74 5.331089
171 75 5.401789
171 76 5.485953
171 77 5.887062
171 78 5.881503
171 79 6.012842
171 80 1.228053
171 81 0.834554
171 82 0.949777
171 83 1.146665
171 84 0.894656
171 85 0.369707
171 86 0.933159
171 87 0.902144
171 88 0.267382
171 89 0.616680
171 90 0.918699
171 91 0.820566
171 92 0.486502
171 93 0.882422
171 94 1.091833
171 95 0.765004
171 96 0.802446
171 97 1.321371
171 98 1.463929
171 99 1.226294
171 100 1.617519
171 101 1.860458
171 102 1.904150
171 103 1.745329
171 104 2.230399
171 105 2.431329
171 106 2.372902
171 107 2.588576
171 108 2.823464
171 109 2.902809
171 110 2.939056
171 111 3.357475
171 112 3.306070
171 113 2.852540
171 114 3.252289
171 115 3.327324
171 116 3.003376
171 117 2.893932
171 118 2.479537
171 119 2.290550
171 120 1.533911
171 121 2.125419
171 122 2.392194
171 123 2.379776
171 124 1.941912
171 125 2.398544
171 126 2.734785
171 127 2.627936
171 128 2.503778
171 129 2.919355
171 130 3.130061
171 131 2.779217
171 132 2.989437
171 133 3.430042
171 134 3.514303
171 135 3.095532
171 136 3.722137
171 137 3.962368
171 138 3.936822
171 139 4.073387
171 140 4.305622
171 141 4.403094
171 142 4.227184
171 143 4.526804
171 144 4.873491
171 145 4.784606
171 146 4.844203
171 147 5.247449
171 148 5.438951
171 149 5.129579
171 150 5.190355
171 151 5.809277
171 152 5.957245
172 0 3.748921
172 1 3.903095
172 2 3.556786
172 3 3.389049
172 4 3.602798
172 5 3.513551
172 6 3.005810
172 7 2.887121
172 8 2.570290
172 9 2.431434
172 10 2.649027
172 11 2.519483
172 12 1.815418
172 13 2.212930
172 14 2.344100
172 15 2.162735
172 16 1.833931
172 17 2.082397
172 18 2.123243
172 19 1.689128
172 20 1.656708
172 21 1.946394
172 22 1.789617
172 23 1.369053
172 24 1.599272
172 25 1.904273
172 26 1.675242
172 27 1.226340
172 28 1.770773
172 29 1.970932
172 30 1.550192
172 31 1.808541
172 32 2.081067
172 33 2.132066
172 34 1.720378
172 35 2.113308
172 36 2.436723
172 37 2.381965
172 38 2.538685
172 39 2.221915
172 40 1.935513
172 41 2.233868
172 42 1.969373
172 43 1.680505
172 44 1.382225
172 45 1.285788
172 46 1.136429
172 47 1.163941
172 48 1.388624
172 49 1.429883
172 50 1.609375
172 51 1.732813
172 52 1.913789
172 53 2.046884
172 54 2.271704
172 55 2.455585
172 56 2.343920
172 57 2.708050
172 58 2.844781
172 59 3.066135
172 60 3.133247
172 61 3.222864
172 62 3.317606
172 63 3.607463
172 64 3.691358
172 65 3.882612
172 66 4.089812
172 67 4.174669
172 68 4.043066
172 69 4.432915
172 70 4.690534
172 71 4.612185
172 72 4.690349
172 73 5.073883
172 74 5.134160
172 75 5.164128
172 76 5.315795
172 77 5.679415
172 78 5.625946
172 79 5.802447
172 80 1.440960
172 81 1.067588
172 82 1.347133
172 83 1.334551
172 84 0.922836
172 85 0.884639
172 86 1.161704
172 87 0.936047
172 88 0.285994
172 89 0.838385
172 90 1.043953
172 91 0.827453
172 92 0.636358
172 93 1.053351
172 94 1.212461
172 95 0.849466
172 96 1.085996
172 97 1.469532
172 98 1.524485
172 99 1.270370
172 100 1.765911
172 101 1.988518
172 102 1.932312
172 103 1.793133
172 104 2.338229
172 105 2.512575
172 106 2.301043
172 107 2.619274
172 108 2.877424
172 109 2.873929
172 110 2.876495
172 111 3.328580
172 112 3.294627
172 113 2.853443
172 114 3.311086
172 115 3.445247
172 116 3.144932
172 117 3.037890
172 118 2.621270
172 119 2.408304
172 120 1.714697
172 121 2.230407
172 122 2.482192
172 123 2.413574
172 124 1.962574
172 125 2.425661
172 126 2.742239
172 127 2.567903
172 128 2.440055
172 129 2.862225
172 130 3.060202
172 131 2.637378
172 132 2.850880
172 133 3.317849
172 134 3.364915
172 135 2.894938
172 136 3.562531
172 137 3.812037
172 138 3.753838
172 139 3.875523
172 140 4.121049
172 141 4.232212
172 142 3.982875
172 143 4.336318
172 144 4.700167
172 145 4.553879
172 146 4.594068
172 147 5.028409
172 148 5.215143
172 149 4.856611
172 150 4.921805
172 151 5.572478
172 152 5.718057
173 0 4.010115
173 1 4.218245
173 2 3.901228
173 3 3.671459
173 4 3.937037
173 5 3.929378
173 6 3.349831
173 7 3.334191
173 8 3.040128
173 9 2.864620
173 10 3.009810
173 11 2.870099
173 12 2.333908
173 13 2.509869
173 14 2.629309
173 15 2.465806
173 16 2.176183
173 17 2.351206
173 18 2.396272
173 19 2.029891
173 20 1.861243
173 21 2.181700
173 22 2.104694
173 23 1.665553
173 24 1.783606
173 25 2.145160
173 26 1.915655
173 27 1.351547
173 28 1.980251
173 29 2.132301
173 30 1.734702
173 31 1.919455
173 32 2.193756
173 33 2.225441
173 34 1.753749
173 35 2.134405
173 36 2.469229
173 37 2.350206
173 38 2.447066
173 39 2.109317
173 40 1.874202
173 41 2.193150
173 42 1.901452
173 43 1.585797
173 44 1.227034
173 45 1.277169
173 46 1.110233
173 47 1.293700
173 48 1.441775
173 49 1.305007
173 50 1.662410
173 51 1.848861
173 52 1.896150
173 53 1.929236
173 54 2.275020
173 55 2.475035
173 56 2.271798
173 57 2.679604
173 58 2.883078
173 59 3.054915
173 60 3.074185
173 61 3.208492
173 62 3.358051
173 63 3.516727
173 64 3.636346
173 65 3.850178
173 66 4.063663
173 67 4.101753
173 68 3.988383
173 69 4.446700
173 70 4.652378
173 71 4.531036
173 72 4.670624
173 73 5.058700
173 74 5.067842
173 75 5.097194
173 76 5.311666
173 77 5.635857
173 78 5.535552
173 79 5.759263
173 80 1.455435
173 81 1.267451
173 82 1.473299
173 83 1.397452
173 84 0.926549
173 85 1.158849
173 86 1.324437
173 87 1.052034
173 88 0.532929
173 89 1.059427
173 90 1.261303
173 91 0.887184
173 92 0.931783
173 93 1.322535
173 94 1.435632
173 95 1.024786
173 96 1.415475
173 97 1.721931
173 98 1.591672
173 99 1.425592
173 100 1.948543
173 101 2.163355
173 102 1.986104
173 103 1.981513
173 104 2.472224
173 105 2.592886
173 106 2.409242
173 107 2.741678
173 108 2.993903
173 109 2.927992
173 110 2.981357
173 111 3.437773
173 112 3.435091
173 113 3.007258
173 114 3.463759
173 115 3.611163
173 116 3.347479
173 117 3.268795
173 118 2.856400
173 119 2.648961
173 120 1.938221
173 121 2.471131
173 122 2.709815
173 123 2.575189
173 124 2.156444
173 125 2.617648
173 126 2.910871
173 127 2.685382
173 128 2.563640
173 129 2.981992
173 130 3.164885
173 131 2.686092
173 132 2.905166
173 133 3.385664
173 134 3.395824
173 135 2.890609
173 136 3.586066
173 137 3.840498
173 138 3.738752
173 139 3.859955
173 140 4.115983
173 141 4.234795
173 142 3.920218
173 143 4.325208
173 144 4.672601
173 145 4.497007
173 146 4.521877
173 147 4.974792
173 148 5.164253
173 149 4.756111
173 150 4.829061
173 151 5.507647
173 152 5.649240
174 0 4.417042
174 1 4.656287
174 2 4.350108
174 3 4.096064
174 4 4.381484
174 5 4.393835
174 6 3.802872
174 7 3.807865
174 8 3.519440
174 9 3.338183
174 10 3.466610
174 11 3.327677
174 12 2.831004
174 13 2.954767
174 14 3.055825
174 15 2.891710
174 16 2.598423
174 17 2.737691
174 18 2.766249
174 19 2.385376
174 20 2.249968
174 21 2.531802
174 22 2.416857
174 23 2.033204
174 24 2.067407
174 25 2.375004
174 26 2.119356
174 27 1.553613
174 28 2.132582
174 29 2.261258
174 30 1.894380
174 31 1.913390
174 32 2.254399
174 33 2.262579
174 34 1.718279
174 35 2.071826
174 36 2.452970
174 37 2.277860
174 38 2.300375
174 39 1.980220
174 40 1.828433
174 41 2.063576
174 42 1.710873
174 43 1.298554
174 44 0.968869
174 45 1.258005
174 46 1.134105
174 47 1.407600
174 48 1.407109
174 49 1.171507
174 50 1.706042
174 51 1.902719
174 52 1.704810
174 53 1.759627
174 54 2.215698
174 55 2.393859
174 56 2.047789
174 57 2.557434
174 58 2.794700
174 59 2.878090
174 60 2.911134
174 61 3.136400
174 62 3.254394
174 63 3.281626
174 64 3.495060
174 65 3.719251
174 66 3.917994
174 67 3.893204
174 68 3.884236
174 69 4.322835
174 70 4.461140
174 71 4.352235
174 72 4.590143
174 73 4.927246
174 74 4.867979
174 75 4.973810
174 76 5.241819
174 77 5.494051
174 78 5.347372
174 79 5.656067
174 80 1.480338
174 81 1.431080
174 82 1.605304
174 83 1.465024
174 84 1.034484
174 85 1.331157
174 86 1.455806
174 87 1.049109
174 88 0.803458
174 89 1.247209
174 90 1.398008
174 91 0.891509
174 92 1.142417
174 93 1.477508
174 94 1.266625
174 95 1.103369
174 96 1.496473
174 97 1.708733
174 98 1.397939
174 99 1.513216
174 100 1.942644
174 101 2.094703
174 102 1.866635
174 103 2.108195
174 104 2.446307
174 105 2.448925
174 106 2.456947
174 107 2.736791
174 108 2.958266
174 109 2.829354
174 110 3.007913
174 111 3.442512
174 112 3.522719
174 113 3.086841
174 114 3.463804
174 115 3.626143
174 116 3.425465
174 117 3.405378
174 118 3.007378
174 119 2.844875
174 120 2.064337
174 121 2.708294
174 122 2.927201
174 123 2.666523
174 124 2.328099
174 125 2.770177
174 126 3.059903
174 127 2.775906
174 128 2.656725
174 129 3.068885
174 130 3.209172
174 131 2.715142
174 132 2.894817
174 133 3.413023
174 134 3.394108
174 135 2.823210
174 136 3.557800
174 137 3.824219
174 138 3.667110
174 139 3.768892
174 140 4.043653
174 141 4.188676
174 142 3.787373
174 143 4.214854
174 144 4.573117
174 145 4.385556
174 146 4.352832
174 147 4.834311
174 148 5.037330
174 149 4.573523
174 150 4.602392
174 151 5.352089
174 152 5.483718
