61 0 2.292757
61 1 2.261983
61 2 2.657791
61 3 2.800704
61 4 2.863140
61 5 3.158062
61 6 2.555087
61 7 3.340530
61 8 3.509949
61 9 3.314557
61 10 3.033293
61 11 3.093826
61 12 3.195619
61 13 2.869015
61 14 2.577794
61 15 2.939481
61 16 2.957362
61 17 2.560135
61 18 2.497681
61 19 2.853531
61 20 2.701553
61 21 2.194691
61 22 2.185277
61 23 1.803777
61 24 1.708888
61 25 1.766873
61 26 1.126728
61 27 1.843889
61 28 2.094773
61 29 1.437186
61 30 1.616781
61 31 2.228825
61 32 2.442663
61 33 2.241389
61 34 2.526810
61 35 2.804214
61 36 2.708057
61 37 2.676992
61 38 2.358659
61 39 2.092420
61 40 1.702681
61 41 1.619747
61 42 2.056621
61 43 2.060189
61 44 1.603484
61 45 1.934297
61 46 2.211582
61 47 2.104181
61 48 1.604578
61 49 2.277140
61 50 2.487568
61 51 1.845978
61 52 2.389066
61 53 2.765832
61 54 2.710910
61 55 2.650566
61 56 2.992555
61 57 3.240255
61 58 3.119355
61 59 3.563061
61 60 3.508870
62 0 1.977030
62 1 1.995153
62 2 2.338329
62 3 2.435777
62 4 2.492166
62 5 2.709706
62 6 2.046482
62 7 2.813721
62 8 3.047797
62 9 2.843289
62 10 2.510063
62 11 2.660281
62 12 2.818012
62 13 2.492667
62 14 2.147161
62 15 2.586286
62 16 2.667589
62 17 2.302892
62 18 2.191708
62 19 2.574013
62 20 2.437323
62 21 1.926777
62 22 1.884044
62 23 1.493249
62 24 1.466313
62 25 1.512544
62 26 0.829346
62 27 1.556834
62 28 1.781397
62 29 1.033329
62 30 1.195419
62 31 1.900560
62 32 1.992680
62 33 1.747220
62 34 2.061688
62 35 2.336808
62 36 2.177581
62 37 2.166854
62 38 1.832195
62 39 1.548537
62 40 1.246200
62 41 1.217632
62 42 1.511245
62 43 1.625199
62 44 1.215800
62 45 1.456403
62 46 1.794823
62 47 1.808843
62 48 1.279253
62 49 1.944388
62 50 2.178591
62 51 1.525703
62 52 2.070147
62 53 2.440100
62 54 2.385695
62 55 2.389639
62 56 2.679988
62 57 2.929659
62 58 2.835345
62 59 3.295808
62 60 3.207048
63 0 1.818444
63 1 1.809644
63 2 2.137376
63 3 2.237899
63 4 2.229019
63 5 2.402707
63 6 1.722067
63 7 2.444188
63 8 2.586223
63 9 2.379196
63 10 2.104793
63 11 2.210633
63 12 2.280593
63 13 1.950547
63 14 1.661329
63 15 2.043349
63 16 2.080964
63 17 1.712435
63 18 1.713337
63 19 2.029539
63 20 1.935956
63 21 1.483066
63 22 1.437011
63 23 1.168883
63 24 0.880407
63 25 0.924335
63 26 0.344483
63 27 1.038519
63 28 1.243969
63 29 0.510642
63 30 0.808859
63 31 1.471720
63 32 1.508226
63 33 1.416925
63 34 1.705862
63 35 1.951816
63 36 1.778793
63 37 1.882685
63 38 1.533827
63 39 1.266660
63 40 0.943565
63 41 0.971839
63 42 1.219259
63 43 1.164907
63 44 0.745579
63 45 1.119424
63 46 1.388151
63 47 1.265015
63 48 0.878772
63 49 1.539452
63 50 1.737427
63 51 1.180839
63 52 1.724706
63 53 2.089469
63 54 2.059131
63 55 2.054110
63 56 2.342900
63 57 2.582752
63 58 2.505812
63 59 2.953241
63 60 2.879064
64 0 1.550612
64 1 1.779773
64 2 2.067724
64 3 2.086761
64 4 1.999479
64 5 2.164123
64 6 1.484407
64 7 2.215813
64 8 2.302354
64 9 2.152312
64 10 1.849733
64 11 1.860575
64 12 1.955424
64 13 1.662350
64 14 1.379029
64 15 1.659556
64 16 1.712515
64 17 1.329071
64 18 1.166883
64 19 1.566051
64 20 1.511031
64 21 1.043946
64 22 0.876074
64 23 0.566685
64 24 0.599502
64 25 0.687495
64 26 0.274261
64 27 0.820938
64 28 1.006010
64 29 0.268405
64 30 0.626028
64 31 1.247058
64 32 1.271965
64 33 1.222438
64 34 1.500972
64 35 1.734919
64 36 1.568462
64 37 1.658355
64 38 1.312284
64 39 1.031531
64 40 0.709705
64 41 0.751258
64 42 0.971556
64 43 0.907698
64 44 0.503509
64 45 0.838730
64 46 1.041569
64 47 0.799586
64 48 0.438386
64 49 1.045354
64 50 1.204180
64 51 0.552575
64 52 1.252101
64 53 1.525040
64 54 1.437207
64 55 1.596685
64 56 1.843201
64 57 2.050205
64 58 2.030369
64 59 2.482799
64 60 2.356636
65 0 1.290555
65 1 1.675981
65 2 1.945022
65 3 1.884023
65 4 1.829068
65 5 1.944697
65 6 1.297161
65 7 2.016915
65 8 2.118797
65 9 1.986859
65 10 1.679532
65 11 1.652067
65 12 1.751286
65 13 1.473062
65 14 1.207418
65 15 1.445952
65 16 1.495957
65 17 1.116915
65 18 0.919839
65 19 1.328408
65 20 1.295581
65 21 0.852948
65 22 0.628923
65 23 0.368202
65 24 0.474222
65 25 0.719872
65 26 0.867805
65 27 1.132504
65 28 1.113406
65 29 0.722745
65 30 1.091145
65 31 1.500385
65 32 1.259295
65 33 1.430863
65 34 1.708145
65 35 1.889072
65 36 1.570923
65 37 1.760757
65 38 1.442609
65 39 1.136199
65 40 0.826300
65 41 0.786520
65 42 0.898104
65 43 0.713844
65 44 0.352647
65 45 0.615578
65 46 0.804079
65 47 0.597953
65 48 0.281572
65 49 0.814355
65 50 0.992882
65 51 0.353122
65 52 0.866207
65 53 1.142125
65 54 1.067329
65 55 1.058566
65 56 1.342831
65 57 1.565554
65 58 1.487549
65 59 1.944543
65 60 1.849708
66 0 1.170706
66 1 1.652523
66 2 1.879093
66 3 1.710000
66 4 1.846224
66 5 1.939616
66 6 1.395063
66 7 2.106714
66 8 2.199904
66 9 2.157065
66 10 1.833219
66 11 1.668915
66 12 1.897239
66 13 1.695718
66 14 1.390729
66 15 1.411073
66 16 1.634930
66 17 1.328682
66 18 0.792677
66 19 1.363985
66 20 1.381385
66 21 1.018169
66 22 0.674215
66 23 0.323820
66 24 0.901188
66 25 1.215283
66 26 1.417510
66 27 1.674903
66 28 1.570517
66 29 1.256548
66 30 1.632868
66 31 1.965159
66 32 1.625329
66 33 1.854860
66 34 2.125673
66 35 2.240717
66 36 1.893739
66 37 2.088183
66 38 1.689682
66 39 1.490264
66 40 1.253493
66 41 1.030931
66 42 1.099304
66 43 0.986745
66 44 0.706699
66 45 0.714184
66 46 0.853248
66 47 0.575232
66 48 0.357646
66 49 0.643454
66 50 0.778178
66 51 0.270483
66 52 0.595300
66 53 0.923652
66 54 0.824615
66 55 0.615861
66 56 1.011248
66 57 1.262614
66 58 1.156428
66 59 1.529430
66 60 1.556865
67 0 0.960121
67 1 1.463963
67 2 1.668061
67 3 1.467119
67 4 1.666724
67 5 1.797571
67 6 1.331519
67 7 2.087823
67 8 2.260863
67 9 2.284089
67 10 1.955837
67 11 1.661610
67 12 2.076677
67 13 1.946246
67 14 1.544338
67 15 1.484679
67 16 1.927105
67 17 1.747921
67 18 1.133000
67 19 1.750826
67 20 1.924199
67 21 1.544897
67 22 1.171160
67 23 1.009488
67 24 1.315299
67 25 1.674992
67 26 1.775198
67 27 2.097755
67 28 1.977612
67 29 1.523681
67 30 1.845805
67 31 2.261710
67 32 1.861143
67 33 2.009046
67 34 2.290458
67 35 2.429178
67 36 2.014473
67 37 2.109577
67 38 1.672177
67 39 1.546275
67 40 1.370607
67 41 0.997371
67 42 1.126906
67 43 1.158359
67 44 0.863835
67 45 0.734904
67 46 0.907149
67 47 0.804035
67 48 0.466612
67 49 0.544195
67 50 0.792857
67 51 0.693071
67 52 0.361550
67 53 0.806110
67 54 0.907515
67 55 0.400275
67 56 0.808445
67 57 1.067023
67 58 1.016513
67 59 1.328689
67 60 1.402777
68 0 0.651699
68 1 1.246503
68 2 1.451437
68 3 1.198056
68 4 1.482592
68 5 1.615524
68 6 1.297981
68 7 1.991559
68 8 2.256527
68 9 2.323220
68 10 1.959542
68 11 1.651235
68 12 2.142602
68 13 2.101107
68 14 1.641851
68 15 1.617259
68 16 2.123761
68 17 2.046486
68 18 1.478577
68 19 2.043865
68 20 2.249012
68 21 1.906269
68 22 1.551414
68 23 1.461410
68 24 1.596144
68 25 1.996688
68 26 2.096519
68 27 2.369925
68 28 2.220670
68 29 1.753301
68 30 2.088942
68 31 2.436910
68 32 1.980739
68 33 2.137603
68 34 2.412839
68 35 2.494900
68 36 2.083015
68 37 2.140420
68 38 1.666584
68 39 1.650544
68 40 1.555775
68 41 1.067182
68 42 1.209960
68 43 1.308545
68 44 1.071326
68 45 0.782795
68 46 1.026838
68 47 1.081632
68 48 0.747228
68 49 0.521146
68 50 0.984806
68 51 1.052683
68 52 0.628601
68 53 0.987276
68 54 1.239487
68 55 0.630513
68 56 0.796883
68 57 1.336288
68 58 1.245679
68 59 1.363282
68 60 1.537118
69 0 0.526326
69 1 1.097326
69 2 1.250955
69 3 1.023017
69 4 1.384805
69 5 1.509383
69 6 1.339946
69 7 1.914668
69 8 2.155005
69 9 2.281733
69 10 1.931320
69 11 1.571285
69 12 2.087072
69 13 2.117304
69 14 1.665536
69 15 1.534682
69 16 2.114131
69 17 2.108800
69 18 1.500513
69 19 2.062932
69 20 2.292277
69 21 2.005334
69 22 1.672434
69 23 1.656730
69 24 1.788295
69 25 2.185682
69 26 2.370488
69 27 2.580229
69 28 2.380185
69 29 1.963252
69 30 2.316797
69 31 2.557448
69 32 2.077776
69 33 2.283499
69 34 2.530376
69 35 2.549423
69 36 2.152919
69 37 2.212435
69 38 1.708542
69 39 1.782572
69 40 1.758158
69 41 1.176259
69 42 1.339451
69 43 1.451638
69 44 1.268070
69 45 0.937534
69 46 1.103019
69 47 1.201957
69 48 0.913043
69 49 0.593154
69 50 0.999000
69 51 1.066790
69 52 0.621320
69 53 0.916822
69 54 1.189296
69 55 0.941237
69 56 0.639667
69 57 1.365494
69 58 1.484515
69 59 1.614548
69 60 1.813830
70 0 0.308830
70 1 0.833418
70 2 0.877433
70 3 0.591108
70 4 0.961924
70 5 1.101115
70 6 1.143956
70 7 1.661991
70 8 1.936245
70 9 2.129159
70 10 1.689785
70 11 1.458415
70 12 2.003342
70 13 2.095496
70 14 1.578436
70 15 1.543077
70 16 2.138070
70 17 2.196234
70 18 1.663251
70 19 2.156463
70 20 2.400676
70 21 2.157588
70 22 1.853305
70 23 1.902892
70 24 1.923653
70 25 2.335835
70 26 2.491363
70 27 2.664269
70 28 2.397613
70 29 1.992859
70 30 2.323024
70 31 2.505562
70 32 2.027729
70 33 2.156080
70 34 2.410085
70 35 2.399538
70 36 2.017431
70 37 1.961629
70 38 1.501670
70 39 1.602586
70 40 1.731246
70 41 1.219386
70 42 1.281759
70 43 1.492270
70 44 1.384880
70 45 0.915609
70 46 1.162646
70 47 1.351345
70 48 1.113709
70 49 0.736124
70 50 1.120956
70 51 1.278193
70 52 0.856442
70 53 1.076346
70 54 1.342627
70 55 1.323895
70 56 0.738058
70 57 1.549639
70 58 1.772375
70 59 1.912971
70 60 2.110461
71 0 0.515639
71 1 0.837404
71 2 0.686999
71 3 0.389362
71 4 0.876660
71 5 0.901293
71 6 1.164471
71 7 1.520651
71 8 1.752848
71 9 2.005472
71 10 1.596413
71 11 1.381572
71 12 1.925746
71 13 2.091514
71 14 1.570115
71 15 1.550128
71 16 2.144964
71 17 2.272655
71 18 1.823844
71 19 2.234419
71 20 2.490023
71 21 2.301469
71 22 2.034547
71 23 2.152730
71 24 2.093066
71 25 2.492549
71 26 2.673014
71 27 2.790147
71 28 2.494229
71 29 2.157237
71 30 2.486728
71 31 2.560529
71 32 2.081186
71 33 2.227218
71 34 2.448352
71 35 2.376045
71 36 2.001336
71 37 1.958847
71 38 1.497458
71 39 1.716683
71 40 1.890616
71 41 1.496044
71 42 1.352031
71 43 1.615109
71 44 1.580222
71 45 1.118880
71 46 1.233525
71 47 1.481544
71 48 1.332999
71 49 0.898171
71 50 1.274295
71 51 1.477338
71 52 1.051742
71 53 1.210701
71 54 1.471433
71 55 1.459433
71 56 0.809118
71 57 1.609122
71 58 1.818839
71 59 1.910362
71 60 2.111920
72 0 0.761604
72 1 0.851363
72 2 0.506168
72 3 0.269052
72 4 0.618946
72 5 0.537866
72 6 1.017142
72 7 1.303457
72 8 1.508335
72 9 1.824533
72 10 1.406307
72 11 1.268403
72 12 1.820832
72 13 2.034741
72 14 1.555956
72 15 1.542633
72 16 2.116193
72 17 2.299391
72 18 1.947867
72 19 2.276126
72 20 2.538240
72 21 2.414052
72 22 2.193220
72 23 2.382307
72 24 2.243599
72 25 2.626343
72 26 2.809344
72 27 2.878372
72 28 2.560963
72 29 2.301928
72 30 2.575500
72 31 2.557510
72 32 2.117831
72 33 2.179069
72 34 2.326818
72 35 2.216381
72 36 1.811669
72 37 1.750057
72 38 1.450169
72 39 1.727084
72 40 2.040297
72 41 1.692664
72 42 1.290225
72 43 1.733795
72 44 1.765614
72 45 1.329321
72 46 1.268900
72 47 1.620128
72 48 1.556717
72 49 1.105436
72 50 1.435293
72 51 1.660822
72 52 1.350427
72 53 1.290587
72 54 1.639818
72 55 1.797692
72 56 1.072186
72 57 1.798778
72 58 2.044278
72 59 2.114556
72 60 2.320511
73 0 1.087691
73 1 0.997650
73 2 0.569554
73 3 0.274155
73 4 0.554440
73 5 0.342472
73 6 0.798991
73 7 1.003270
73 8 0.977826
73 9 1.406433
73 10 1.211360
73 11 1.006463
73 12 1.547691
73 13 1.791888
73 14 1.466598
73 15 1.492087
73 16 2.003016
73 17 2.222603
73 18 2.025622
73 19 2.298186
73 20 2.549781
73 21 2.506869
73 22 2.321811
73 23 2.539335
73 24 2.359725
73 25 2.694737
73 26 2.793884
73 27 2.818689
73 28 2.496069
73 29 2.303954
73 30 2.461526
73 31 2.399619
73 32 2.015748
73 33 2.051743
73 34 2.173225
73 35 2.010562
73 36 1.653186
73 37 1.610521
73 38 1.334703
73 39 1.674947
73 40 2.009363
73 41 1.814377
73 42 1.226922
73 43 1.730980
73 44 1.922946
73 45 1.523670
73 46 1.322992
73 47 1.773231
73 48 1.739418
73 49 1.342102
73 50 1.568968
73 51 1.767504
73 52 1.495499
73 53 1.231856
73 54 1.674989
73 55 1.859092
73 56 1.164050
73 57 1.784741
73 58 2.029186
73 59 2.064277
73 60 2.293601
74 0 1.533707
74 1 1.636080
74 2 1.243606
74 3 0.505378
74 4 0.939254
74 5 0.587274
74 6 0.793270
74 7 0.947817
74 8 0.790890
74 9 1.286950
74 10 1.212434
74 11 0.906915
74 12 1.441063
74 13 1.714334
74 14 1.423920
74 15 1.280517
74 16 1.808945
74 17 2.069830
74 18 1.876735
74 19 2.055610
74 20 2.314535
74 21 2.377058
74 22 2.266910
74 23 2.470044
74 24 2.370009
74 25 2.694157
74 26 2.862910
74 27 2.849454
74 28 2.502038
74 29 2.386362
74 30 2.541962
74 31 2.393847
74 32 2.026658
74 33 2.152995
74 34 2.191426
74 35 1.958301
74 36 1.675759
74 37 1.810107
74 38 1.491172
74 39 1.956896
74 40 2.215894
74 41 2.003962
74 42 1.534728
74 43 1.861321
74 44 2.011057
74 45 1.689386
74 46 1.265845
74 47 1.778562
74 48 1.819141
74 49 1.454640
74 50 1.477674
74 51 1.798418
74 52 1.657730
74 53 1.040455
74 54 1.703918
74 55 1.913246
74 56 1.288857
74 57 1.709745
74 58 1.999060
74 59 1.960614
74 60 2.215893
75 0 1.919044
75 1 2.126880
75 2 1.781393
75 3 0.959476
75 4 1.393259
75 5 1.037973
75 6 1.031365
75 7 1.145921
75 8 0.674556
75 9 1.345914
75 10 1.458692
75 11 0.932473
75 12 1.307654
75 13 1.635158
75 14 1.520580
75 15 1.222924
75 16 1.713258
75 17 1.987245
75 18 1.821178
75 19 1.956077
75 20 2.220266
75 21 2.330364
75 22 2.275901
75 23 2.463823
75 24 2.418306
75 25 2.734492
75 26 2.980174
75 27 2.924869
75 28 2.569000
75 29 2.541436
75 30 2.696760
75 31 2.493348
75 32 2.126539
75 33 2.394942
75 34 2.424544
75 35 2.134970
75 36 1.941753
75 37 2.161106
75 38 1.768039
75 39 2.263627
75 40 2.456285
75 41 2.287682
75 42 1.905692
75 43 2.061723
75 44 2.201899
75 45 1.928021
75 46 1.363426
75 47 1.904563
75 48 1.970750
75 49 1.584091
75 50 1.436904
75 51 1.852193
75 52 1.709753
75 53 1.007465
75 54 1.653983
75 55 1.866222
75 56 1.422908
75 57 1.579785
75 58 1.903905
75 59 1.796455
75 60 2.066613
76 0 2.280599
76 1 2.471228
76 2 2.121451
76 3 1.391112
76 4 1.926679
76 5 1.562245
76 6 1.633782
76 7 1.724064
76 8 1.184820
76 9 1.878877
76 10 2.003100
76 11 1.499148
76 12 1.671542
76 13 2.099947
76 14 2.032820
76 15 1.556646
76 16 2.047860
76 17 2.325291
76 18 2.016577
76 19 2.137272
76 20 2.436749
76 21 2.571754
76 22 2.341316
76 23 2.701289
76 24 2.806471
76 25 3.087650
76 26 3.391907
76 27 3.376208
76 28 3.017361
76 29 3.005917
76 30 3.227436
76 31 3.011910
76 32 2.605040
76 33 2.931005
76 34 2.999449
76 35 2.694576
76 36 2.489525
76 37 2.751892
76 38 2.358392
76 39 2.836111
76 40 2.948014
76 41 2.767230
76 42 2.461052
76 43 2.494581
76 44 2.586373
76 45 2.305987
76 46 1.808807
76 47 2.262100
76 48 2.226366
76 49 1.843988
76 50 1.575938
76 51 2.050197
76 52 1.865839
76 53 1.165198
76 54 1.753834
76 55 1.922382
76 56 1.626675
76 57 1.518214
76 58 1.846746
76 59 1.699675
76 60 1.935604
77 0 2.639252
77 1 2.896618
77 2 2.552733
77 3 1.807540
77 4 2.345576
77 5 1.979899
77 6 2.181021
77 7 2.329543
77 8 1.826294
77 9 2.537243
77 10 2.645559
77 11 2.170770
77 12 2.346536
77 13 2.803946
77 14 2.717389
77 15 2.213375
77 16 2.727935
77 17 3.000470
77 18 2.609000
77 19 2.762485
77 20 3.065373
77 21 3.187542
77 22 2.848581
77 23 3.296396
77 24 3.446215
77 25 3.729654
77 26 4.040712
77 27 4.054252
77 28 3.692058
77 29 3.667593
77 30 3.921692
77 31 3.714567
77 32 3.298738
77 33 3.585144
77 34 3.611823
77 35 3.334242
77 36 3.113545
77 37 3.282272
77 38 2.903225
77 39 3.383587
77 40 3.589085
77 41 3.371198
77 42 2.950804
77 43 3.131487
77 44 3.185226
77 45 2.886098
77 46 2.464360
77 47 2.845219
77 48 2.758847
77 49 2.387752
77 50 2.179796
77 51 2.541738
77 52 2.295430
77 53 1.774360
77 54 2.240718
77 55 2.284306
77 56 1.929242
77 57 1.928195
77 58 2.106597
77 59 1.816941
77 60 2.086903
78 0 2.901334
78 1 3.117256
78 2 2.740707
78 3 2.079671
78 4 2.611703
78 5 2.248503
78 6 2.441575
78 7 2.572104
78 8 2.046737
78 9 2.761879
78 10 2.903924
78 11 2.433023
78 12 2.665288
78 13 3.135348
78 14 3.019809
78 15 2.721208
78 16 3.203962
78 17 3.484560
78 18 3.237795
78 19 3.373772
78 20 3.665336
78 21 3.780771
78 22 3.461719
78 23 3.878101
78 24 3.916435
78 25 4.223439
78 26 4.481468
78 27 4.438687
78 28 4.083053
78 29 4.023530
78 30 4.185052
78 31 3.988137
78 32 3.630872
78 33 3.844652
78 34 3.856493
78 35 3.571327
78 36 3.365336
78 37 3.543124
78 38 3.178725
78 39 3.660348
78 40 3.886880
78 41 3.664814
78 42 3.232469
78 43 3.510019
78 44 3.596852
78 45 3.279069
78 46 2.829594
78 47 3.331812
78 48 3.232448
78 49 2.888625
78 50 2.808106
78 51 3.025148
78 52 2.724430
78 53 2.341231
78 54 2.770582
78 55 2.695474
78 56 2.324827
78 57 2.425766
78 58 2.443152
78 59 2.163168
78 60 2.345379
79 0 2.782556
79 1 2.870944
79 2 2.402394
79 3 1.942996
79 4 2.402447
79 5 2.063981
79 6 2.256617
79 7 2.348366
79 8 1.868004
79 9 2.550044
79 10 2.672297
79 11 2.284381
79 12 2.539642
79 13 2.993784
79 14 2.875656
79 15 2.623713
79 16 3.104664
79 17 3.383257
79 18 3.189204
79 19 3.317481
79 20 3.600623
79 21 3.714950
79 22 3.584311
79 23 3.831666
79 24 3.806052
79 25 4.121824
79 26 4.343554
79 27 4.296194
79 28 3.940769
79 29 3.884853
79 30 4.003690
79 31 3.812382
79 32 3.477860
79 33 3.598240
79 34 3.574312
79 35 3.311247
79 36 3.096325
79 37 3.233191
79 38 2.997388
79 39 3.447636
79 40 3.740293
79 41 3.525044
79 42 3.033880
79 43 3.383086
79 44 3.492955
79 45 3.170390
79 46 2.712964
79 47 3.230989
79 48 3.226377
79 49 2.845562
79 50 2.770611
79 51 3.134924
79 52 2.943296
79 53 2.300288
79 54 2.910698
79 55 3.068701
79 56 2.565187
79 57 2.760096
79 58 3.035111
79 59 2.828764
79 60 3.102492
80 0 2.476007
80 1 2.616975
80 2 2.181510
80 3 1.633606
80 4 2.114876
80 5 1.764061
80 6 2.066847
80 7 2.217699
80 8 1.792414
80 9 2.476918
80 10 2.499944
80 11 2.110816
80 12 2.510315
80 13 2.870727
80 14 2.676813
80 15 2.459958
80 16 2.979059
80 17 3.247448
80 18 3.015148
80 19 3.204285
80 20 3.469957
80 21 3.536178
80 22 3.413900
80 23 3.627628
80 24 3.592221
80 25 3.913295
80 26 4.129678
80 27 4.107999
80 28 3.755860
80 29 3.654414
80 30 3.822446
80 31 3.659184
80 32 3.287271
80 33 3.438717
80 34 3.469942
80 35 3.225421
80 36 2.959361
80 37 3.075644
80 38 2.757036
80 39 3.208578
80 40 3.480018
80 41 3.242368
80 42 2.754996
80 43 3.128948
80 44 3.222577
80 45 2.868181
80 46 2.487644
80 47 2.981725
80 48 2.954073
80 49 2.584321
80 50 2.607093
80 51 2.895595
80 52 2.666389
80 53 2.113549
80 54 2.692231
80 55 2.844310
80 56 2.278157
80 57 2.592577
80 58 2.847839
80 59 2.671557
80 60 2.933106
81 0 2.172836
81 1 2.385165
81 2 2.028162
81 3 1.388396
81 4 1.950653
81 5 1.598090
81 6 1.938843
81 7 2.134465
81 8 1.766235
81 9 2.420262
81 10 2.382083
81 11 1.982121
81 12 2.498803
81 13 2.772983
81 14 2.512800
81 15 2.315655
81 16 2.864105
81 17 3.120771
81 18 2.835795
81 19 3.070775
81 20 3.335728
81 21 3.357865
81 22 3.209363
81 23 3.424753
81 24 3.381873
81 25 3.715901
81 26 3.938126
81 27 3.940841
81 28 3.593698
81 29 3.451106
81 30 3.665568
81 31 3.529869
81 32 3.127458
81 33 3.311614
81 34 3.381441
81 35 3.144471
81 36 2.859806
81 37 2.965905
81 38 2.581536
81 39 3.034791
81 40 3.254430
81 41 2.996120
81 42 2.568157
81 43 2.911329
81 44 2.974752
81 45 2.599064
81 46 2.291811
81 47 2.753508
81 48 2.695369
81 49 2.331636
81 50 2.425020
81 51 2.661609
81 52 2.370060
81 53 1.938943
81 54 2.443956
81 55 2.504480
81 56 1.958285
81 57 2.317432
81 58 2.430248
81 59 2.256391
81 60 2.484188
82 0 1.880105
82 1 2.130931
82 2 1.813047
82 3 1.230844
82 4 1.804160
82 5 1.487226
82 6 1.880069
82 7 2.108619
82 8 1.846934
82 9 2.449741
82 10 2.324545
82 11 1.956682
82 12 2.501737
82 13 2.765475
82 14 2.436371
82 15 2.250642
82 16 2.846672
82 17 3.087072
82 18 2.661352
82 19 2.998603
82 20 3.266634
82 21 3.233983
82 22 3.005282
82 23 3.226244
82 24 3.242444
82 25 3.597752
82 26 3.815955
82 27 3.845317
82 28 3.506567
82 29 3.318429
82 30 3.574897
82 31 3.471922
82 32 3.044521
82 33 3.227390
82 34 3.330191
82 35 3.119321
82 36 2.801919
82 37 2.869723
82 38 2.468730
82 39 2.870517
82 40 3.093339
82 41 2.812720
82 42 2.416952
82 43 2.763407
82 44 2.800774
82 45 2.395832
82 46 2.189615
82 47 2.607909
82 48 2.460609
82 49 2.121078
82 50 2.256958
82 51 2.404790
82 52 2.058036
82 53 1.787283
82 54 2.205113
82 55 2.219192
82 56 1.650319
82 57 2.097839
82 58 2.203688
82 59 2.088484
82 60 2.296337
83 0 1.556386
83 1 1.861230
83 2 1.624606
83 3 0.984860
83 4 1.575544
83 5 1.305587
83 6 1.613330
83 7 1.842037
83 8 1.546138
83 9 2.135724
83 10 2.056447
83 11 1.568415
83 12 2.084655
83 13 2.343646
83 14 2.031829
83 15 1.728964
83 16 2.346709
83 17 2.587543
83 18 2.180435
83 19 2.478977
83 20 2.747624
83 21 2.727214
83 22 2.545810
83 23 2.771154
83 24 2.779588
83 25 3.115953
83 26 3.371109
83 27 3.426677
83 28 3.086828
83 29 2.916995
83 30 3.223086
83 31 3.103485
83 32 2.651806
83 33 2.909713
83 34 3.045108
83 35 2.816262
83 36 2.533738
83 37 2.645322
83 38 2.178306
83 39 2.599520
83 40 2.737651
83 41 2.470793
83 42 2.165127
83 43 2.350626
83 44 2.369830
83 45 2.031803
83 46 1.739066
83 47 2.147425
83 48 2.018683
83 49 1.657717
83 50 1.763036
83 51 1.967675
83 52 1.675434
83 53 1.291872
83 54 1.761868
83 55 1.714692
83 56 1.269329
83 57 1.605574
83 58 1.614392
83 59 1.498618
83 60 1.680735
84 0 1.311408
84 1 1.704754
84 2 1.532645
84 3 0.850577
84 4 1.475315
84 5 1.192135
84 6 1.437656
84 7 1.697333
84 8 1.505201
84 9 2.018089
84 10 1.884448
84 11 1.403008
84 12 1.919139
84 13 2.162875
84 14 1.804052
84 15 1.449340
84 16 2.106606
84 17 2.325897
84 18 1.729928
84 19 2.122540
84 20 2.382392
84 21 2.343667
84 22 2.024388
84 23 2.330758
84 24 2.488393
84 25 2.812711
84 26 3.085649
84 27 3.166299
84 28 2.836288
84 29 2.641798
84 30 2.978495
84 31 2.885435
84 32 2.413910
84 33 2.678257
84 34 2.854732
84 35 2.643004
84 36 2.346924
84 37 2.447873
84 38 1.955666
84 39 2.366759
84 40 2.458180
84 41 2.184545
84 42 1.940259
84 43 2.065435
84 44 2.066732
84 45 1.726545
84 46 1.483418
84 47 1.815259
84 48 1.638988
84 49 1.305994
84 50 1.335109
84 51 1.489296
84 52 1.196789
84 53 0.887160
84 54 1.246394
84 55 1.287847
84 56 0.791651
84 57 1.107903
84 58 1.290786
84 59 1.205439
84 60 1.440753
85 0 1.062032
85 1 1.466736
85 2 1.262714
85 3 0.496705
85 4 1.083012
85 5 0.846285
85 6 1.065228
85 7 1.257301
85 8 1.160673
85 9 1.558521
85 10 1.420262
85 11 0.920005
85 12 1.356994
85 13 1.585840
85 14 1.280019
85 15 0.864793
85 16 1.512563
85 17 1.738454
85 18 1.322208
85 19 1.611167
85 20 1.880672
85 21 1.856802
85 22 1.706161
85 23 1.918032
85 24 1.961331
85 25 2.275179
85 26 2.553392
85 27 2.610322
85 28 2.281687
85 29 2.146040
85 30 2.462193
85 31 2.351309
85 32 1.884030
85 33 2.186960
85 34 2.375433
85 35 2.161958
85 36 1.846980
85 37 2.044039
85 38 1.548112
85 39 1.942456
85 40 2.037046
85 41 1.777981
85 42 1.529932
85 43 1.584769
85 44 1.611302
85 45 1.285667
85 46 0.950622
85 47 1.353487
85 48 1.234311
85 49 0.861904
85 50 0.912185
85 51 1.173778
85 52 0.963945
85 53 0.456419
85 54 0.996997
85 55 1.069176
85 56 0.604048
85 57 0.896047
85 58 1.104757
85 59 1.056813
85 60 1.323771
86 0 0.804118
86 1 1.105670
86 2 0.942235
86 3 0.337578
86 4 0.688083
86 5 0.511601
86 6 0.516018
86 7 0.801787
86 8 0.992142
86 9 1.200222
86 10 0.927620
86 11 0.561977
86 12 1.093365
86 13 1.299484
86 14 0.847629
86 15 0.622114
86 16 1.262585
86 17 1.491750
86 18 1.111689
86 19 1.376723
86 20 1.646161
86 21 1.644786
86 22 1.475726
86 23 1.691302
86 24 1.656454
86 25 2.014001
86 26 2.219547
86 27 2.239803
86 28 1.902086
86 29 1.732280
86 30 2.004580
86 31 1.911939
86 32 1.450476
86 33 1.689041
86 34 1.863101
86 35 1.679367
86 36 1.361351
86 37 1.474803
86 38 0.972897
86 39 1.424186
86 40 1.565284
86 41 1.326992
86 42 1.039324
86 43 1.196154
86 44 1.245711
86 45 0.923848
86 46 0.604096
86 47 1.024715
86 48 0.989114
86 49 0.650880
86 50 0.711659
86 51 0.926300
86 52 0.677297
86 53 0.279222
86 54 0.780752
86 55 1.011718
86 56 0.396097
86 57 0.941250
86 58 1.270993
86 59 1.448611
86 60 1.519836
87 0 0.412782
87 1 0.699334
87 2 0.582174
87 3 0.329044
87 4 0.365860
87 5 0.368388
87 6 0.289295
87 7 0.581662
87 8 0.825592
87 9 1.024002
87 10 0.681411
87 11 0.409332
87 12 0.955764
87 13 1.118102
87 14 0.633551
87 15 0.679191
87 16 1.195225
87 17 1.360206
87 18 1.126935
87 19 1.392255
87 20 1.642613
87 21 1.553489
87 22 1.383801
87 23 1.555960
87 24 1.442301
87 25 1.775858
87 26 1.937248
87 27 2.003719
87 28 1.667566
87 29 1.425279
87 30 1.729587
87 31 1.703711
87 32 1.228803
87 33 1.398792
87 34 1.623712
87 35 1.447500
87 36 1.125969
87 37 1.117120
87 38 0.682028
87 39 0.903271
87 40 1.147806
87 41 0.864504
87 42 0.498636
87 43 0.843592
87 44 0.948410
87 45 0.522891
87 46 0.358923
87 47 0.841870
87 48 0.732379
87 49 0.342981
87 50 0.627828
87 51 0.865763
87 52 0.715026
87 53 0.730220
87 54 1.002122
87 55 1.191966
87 56 0.667506
87 57 1.358243
87 58 1.614979
87 59 1.831483
87 60 1.914997
88 0 0.256773
88 1 0.385465
88 2 0.468530
88 3 0.401474
88 4 0.356148
88 5 0.589827
88 6 0.266443
88 7 0.991442
88 8 1.346161
88 9 1.407156
88 10 0.865872
88 11 1.000132
88 12 1.424036
88 13 1.432400
88 14 0.903867
88 15 1.333611
88 16 1.667896
88 17 1.673655
88 18 1.381611
88 19 1.851499
88 20 2.057981
88 21 1.775512
88 22 1.476265
88 23 1.509006
88 24 1.393923
88 25 1.697488
88 26 1.762164
88 27 1.858554
88 28 1.589714
88 29 1.251857
88 30 1.516912
88 31 1.605547
88 32 1.185518
88 33 1.168209
88 34 1.429500
88 35 1.458812
88 36 1.080315
88 37 0.942450
88 38 0.539834
88 39 0.655502
88 40 0.933077
88 41 0.551219
88 42 0.297158
88 43 0.684093
88 44 0.848723
88 45 0.354698
88 46 0.657939
88 47 0.870806
88 48 0.718056
88 49 0.312697
88 50 0.834844
88 51 1.005512
88 52 0.650919
88 53 0.920399
88 54 1.192677
88 55 1.248357
88 56 0.801585
88 57 1.512895
88 58 1.731586
88 59 1.941382
88 60 2.068026
89 0 0.284067
89 1 0.362847
89 2 0.701276
89 3 0.806417
89 4 0.960545
89 5 1.234892
89 6 0.801623
89 7 1.604382
89 8 1.958335
89 9 1.976027
89 10 1.454701
89 11 1.477060
89 12 1.928856
89 13 1.829490
89 14 1.321021
89 15 1.576543
89 16 1.953440
89 17 1.847665
89 18 1.424974
89 19 1.946173
89 20 2.127730
89 21 1.774075
89 22 1.448897
89 23 1.370363
89 24 1.269790
89 25 1.685622
89 26 1.666988
89 27 1.959450
89 28 1.809927
89 29 1.279465
89 30 1.490445
89 31 1.891543
89 32 1.533515
89 33 1.371474
89 34 1.723716
89 35 1.894441
89 36 1.500524
89 37 1.320513
89 38 1.058615
89 39 0.736950
89 40 0.933948
89 41 0.327080
89 42 0.641232
89 43 0.902064
89 44 0.715892
89 45 0.350643
89 46 0.686925
89 47 0.900830
89 48 0.494546
89 49 0.459374
89 50 0.938085
89 51 1.051303
89 52 0.728907
89 53 1.103683
89 54 1.358773
89 55 1.363655
89 56 1.090602
89 57 1.715633
89 58 1.911706
89 59 2.142981
89 60 2.236772
90 0 0.654784
90 1 0.874170
90 2 1.219982
90 3 1.310952
90 4 1.556840
90 5 1.800283
90 6 1.333425
90 7 2.142000
90 8 2.437773
90 9 2.428842
90 10 2.045609
90 11 1.847835
90 12 2.292946
90 13 2.165478
90 14 1.675760
90 15 1.854345
90 16 2.240061
90 17 2.058547
90 18 1.600875
90 19 2.147439
90 20 2.313128
90 21 1.911232
90 22 1.553338
90 23 1.368450
90 24 1.441483
90 25 1.832347
90 26 1.737350
90 27 2.136829
90 28 2.067423
90 29 1.510058
90 30 1.805146
90 31 2.283397
90 32 1.918438
90 33 1.928295
90 34 2.283270
90 35 2.458034
90 36 2.038927
90 37 1.965439
90 38 1.670546
90 39 1.330997
90 40 1.332280
90 41 0.448813
90 42 1.144302
90 43 1.236511
90 44 0.951466
90 45 0.716505
90 46 1.027337
90 47 1.117010
90 48 0.543894
90 49 0.757058
90 50 1.183161
90 51 1.086989
90 52 0.917159
90 53 1.341354
90 54 1.579160
90 55 1.384163
90 56 1.341009
90 57 1.923110
90 58 2.069629
90 59 2.252044
90 60 2.409906
91 0 1.057439
91 1 1.524966
91 2 1.783946
91 3 1.754549
91 4 1.909305
91 5 2.105381
91 6 1.602811
91 7 2.431764
91 8 2.719805
91 9 2.682822
91 10 2.315726
91 11 2.139926
91 12 2.558625
91 13 2.381188
91 14 1.907667
91 15 2.124331
91 16 2.465976
91 17 2.219340
91 18 1.791681
91 19 2.338714
91 20 2.449389
91 21 2.045305
91 22 1.686226
91 23 1.413145
91 24 1.542267
91 25 1.899195
91 26 1.677942
91 27 2.173367
91 28 2.174880
91 29 1.542314
91 30 1.847875
91 31 2.397030
91 32 2.102809
91 33 2.106500
91 34 2.437057
91 35 2.641784
91 36 2.244629
91 37 2.267979
91 38 1.916990
91 39 1.637267
91 40 1.454153
91 41 0.849503
91 42 1.370578
91 43 1.430229
91 44 1.045439
91 45 0.932222
91 46 1.274366
91 47 1.320948
91 48 0.712764
91 49 1.059256
91 50 1.439182
91 51 1.185801
91 52 1.077898
91 53 1.523197
91 54 1.740889
91 55 1.443954
91 56 1.531288
91 57 2.024587
91 58 2.099468
91 59 2.350918
91 60 2.466110
92 0 1.355737
92 1 1.767038
92 2 2.054386
92 3 2.033792
92 4 2.174085
92 5 2.365241
92 6 1.810955
92 7 2.646428
92 8 2.904467
92 9 2.838827
92 10 2.511473
92 11 2.342884
92 12 2.723418
92 13 2.487470
92 14 2.046016
92 15 2.250406
92 16 2.555138
92 17 2.219877
92 18 1.755889
92 19 2.323330
92 20 2.346677
92 21 1.915432
92 22 1.606021
92 23 1.197493
92 24 1.555897
92 25 1.865731
92 26 1.555176
92 27 2.116579
92 28 2.185750
92 29 1.514340
92 30 1.825413
92 31 2.419763
92 32 2.195394
92 33 2.182802
92 34 2.510610
92 35 2.728828
92 36 2.367266
92 37 2.414360
92 38 2.096933
92 39 1.770928
92 40 1.521682
92 41 1.019261
92 42 1.528651
92 43 1.540698
92 44 1.091848
92 45 1.113311
92 46 1.444850
92 47 1.416980
92 48 0.850082
92 49 1.291342
92 50 1.558846
92 51 1.105620
92 52 1.196158
92 53 1.616087
92 54 1.770811
92 55 1.414478
92 56 1.740209
92 57 2.040428
92 58 1.989374
92 59 2.345419
92 60 2.384188
93 0 1.682878
93 1 2.016843
93 2 2.330329
93 3 2.327541
93 4 2.449185
93 5 2.635710
93 6 2.026839
93 7 2.824492
93 8 2.969462
93 9 2.868570
93 10 2.546503
93 11 2.450349
93 12 2.669660
93 13 2.404713
93 14 2.068592
93 15 2.291012
93 16 2.431478
93 17 2.054681
93 18 1.731734
93 19 2.224185
93 20 2.168435
93 21 1.686363
93 22 1.484819
93 23 1.035217
93 24 1.368390
93 25 1.588905
93 26 1.327789
93 27 1.864455
93 28 2.003026
93 29 1.354559
93 30 1.745327
93 31 2.313089
93 32 2.163798
93 33 2.220680
93 34 2.517603
93 35 2.724890
93 36 2.422091
93 37 2.541613
93 38 2.214842
93 39 1.884541
93 40 1.582844
93 41 1.225460
93 42 1.674341
93 43 1.567196
93 44 1.115200
93 45 1.329509
93 46 1.570809
93 47 1.405749
93 48 0.881218
93 49 1.434633
93 50 1.642240
93 51 1.024800
93 52 1.411660
93 53 1.794082
93 54 1.823060
93 55 1.647961
93 56 1.990592
93 57 2.240223
93 58 2.148416
93 59 2.565514
93 60 2.536748
94 0 2.018021
94 1 2.337403
94 2 2.651363
94 3 2.648891
94 4 2.753098
94 5 2.925368
94 6 2.280557
94 7 3.053105
94 8 3.159911
94 9 3.032666
94 10 2.720932
94 11 2.674550
94 12 2.810344
94 13 2.528945
94 14 2.246438
94 15 2.490080
94 16 2.518494
94 17 2.128757
94 18 1.880900
94 19 2.323542
94 20 2.198542
94 21 1.691756
94 22 1.591079
94 23 1.117902
94 24 1.396901
94 25 1.582103
94 26 1.287942
94 27 1.836435
94 28 2.006171
94 29 1.396863
94 30 1.795093
94 31 2.362796
94 32 2.260911
94 33 2.334521
94 34 2.620753
94 35 2.830249
94 36 2.574967
94 37 2.732629
94 38 2.405466
94 39 2.074591
94 40 1.746132
94 41 1.532967
94 42 1.906144
94 43 1.757262
94 44 1.308278
94 45 1.599775
94 46 1.811870
94 47 1.614478
94 48 1.129263
94 49 1.693686
94 50 1.879612
94 51 1.197962
94 52 1.651205
94 53 2.003165
94 54 1.947721
94 55 1.714963
94 56 2.099770
94 57 2.338181
94 58 2.140667
94 59 2.587929
94 60 2.538949
95 0 2.350424
95 1 2.639272
95 2 2.952634
95 3 2.958781
95 4 2.974433
95 5 3.133591
95 6 2.456164
95 7 3.220956
95 8 3.334640
95 9 3.168281
95 10 2.871602
95 11 2.889730
95 12 2.959649
95 13 2.667237
95 14 2.403156
95 15 2.632867
95 16 2.596678
95 17 2.208299
95 18 2.018742
95 19 2.401020
95 20 2.199933
95 21 1.693558
95 22 1.705332
95 23 1.223202
95 24 1.472975
95 25 1.602445
95 26 1.145262
95 27 1.770453
95 28 1.987618
95 29 1.370450
95 30 1.725860
95 31 2.289791
95 32 2.330239
95 33 2.333083
95 34 2.615754
95 35 2.844371
95 36 2.646767
95 37 2.780673
95 38 2.437674
95 39 2.139289
95 40 1.801505
95 41 1.785291
95 42 2.022795
95 43 1.911188
95 44 1.445934
95 45 1.784529
95 46 2.019420
95 47 1.826747
95 48 1.359313
95 49 1.946881
95 50 2.105014
95 51 1.399420
95 52 1.940766
95 53 2.235284
95 54 2.017832
95 55 1.938627
95 56 2.316663
95 57 2.518286
95 58 2.237089
95 59 2.732862
95 60 2.613052
96 0 2.629808
96 1 2.813229
96 2 3.135700
96 3 3.171576
96 4 3.204108
96 5 3.379033
96 6 2.694093
96 7 3.432996
96 8 3.480307
96 9 3.288011
96 10 3.013811
96 11 3.045129
96 12 3.048063
96 13 2.734773
96 14 2.569950
96 15 2.767056
96 16 2.680331
96 17 2.283523
96 18 2.248507
96 19 2.487708
96 20 2.231288
96 21 1.756824
96 22 1.878551
96 23 1.481627
96 24 1.512988
96 25 1.570217
96 26 1.136617
96 27 1.724406
96 28 1.954538
96 29 1.483910
96 30 1.777972
96 31 2.209907
96 32 2.399872
96 33 2.453761
96 34 2.704860
96 35 2.922973
96 36 2.796339
96 37 2.952798
96 38 2.605365
96 39 2.323413
96 40 1.997673
96 41 1.959819
96 42 2.223223
96 43 2.127019
96 44 1.691591
96 45 2.040834
96 46 2.273309
96 47 2.014957
96 48 1.641030
96 49 2.251039
96 50 2.401206
96 51 1.674091
96 52 2.328454
96 53 2.616403
96 54 2.301915
96 55 2.409991
96 56 2.749528
96 57 2.936093
96 58 2.685185
96 59 3.216224
96 60 3.030967
