8.275106205
8.03347565
7.806355035
7.701454141
7.511148756
7.489472827
7.365882622
7.044343036
6.916505063
6.824294678
6.619646977
6.583823123
6.579573131
6.513771332
6.448509944
6.307427152
6.196568471
6.163995157
6.089961992
5.989232378
5.872130659
5.790787703
5.677147549
5.656570599
5.593730773
5.517242898
5.491173527
5.490307176
5.195458071
5.167117427
5.101903549
5.080794765
4.85750108
4.778271583
4.695927363
4.615703997
4.59608686
4.558114602
4.494664949
4.440711842
4.42398576
4.361188256
4.330973972
4.305102913
4.282942746
4.195925646
4.115588873
4.08333464
4.058329906
4.014885721
4.010105627
3.99430719
3.981898693
3.965953902
3.94006048
3.931065522
3.909834736
3.909450591
3.885202468
3.81852489
3.78467282
3.733974759
3.727390351
3.724476381
3.708886215
3.704440049
3.700477251
3.685662704
3.66269557
3.656388971
3.596134354
3.589572352
3.569772421
3.548305416
3.516521985
3.510847435
3.510314301
3.501575354
3.455949291
3.416487372
3.414306853
3.392984172
3.39214553
3.387565814
3.376667572
3.376457312
3.375501333
3.349580193
3.347829914
3.329852952
3.317976938
3.275462927
3.26730898
3.264104444
3.245160714
3.226793654
3.22218785
3.215970765
3.206287513
3.197123328
3.168499678
3.149048275
3.139554588
3.120896109
3.094439421
3.079356257
3.073372208
3.057531978
3.038202608
3.00326542
3.002609595
2.999626464
2.979521701
2.978947906
2.949507258
2.938295797
2.933708463
2.933311865
2.921940601
2.917267471
2.897849955
2.88698163
2.88441299
2.87351215
2.863111165
2.8421462
2.827074869
2.826859039
2.820002856
2.814700875
2.807119701
2.80370964
2.791744218
2.79161233
2.787627786
2.737217589
2.718126394
2.706679196
2.702757963
2.685340215
2.684377735
2.675061931
2.672834827
2.669405974
2.667343113
2.642477107
2.629594526
2.625960769
2.620572647
2.620185321
2.602832863
2.593391144
2.59259616
2.591368093
2.554739367
2.544159604
2.524166398
2.517862826
2.507467217
2.502845298
2.464595614
2.459511447
2.444535268
2.43704097
2.434651754
2.428587359
2.426475746
2.389074971
2.38335884
2.383176719
2.381121483
2.377014326
2.356049758
2.355864082
2.34880411
2.348184054
2.33941538
2.329391013
2.329272551
2.328544658
2.3281698
2.325412962
2.323527535
2.321939638
2.320536592
2.311301182
2.310578385
2.265017704
2.264620294
2.245405069
2.238723369
2.238114445
2.22818011
2.204681131
2.198921763
2.174615767
2.162855217
2.160600875
2.159215204
2.158563578
2.157375694
2.147669346
2.140284782
2.136794575
2.129284624
2.124476628
2.117205419
2.102740213
2.078337043
2.078318378
2.070736515
2.0644722
2.060526107
2.036870152
2.028461883
2.025179172
2.02425053
2.021248833
2.020131738
2.01796684
2.016277113
2.01207595
2.005179881
2.001603363
2.000982682
1.994929188
1.991564341
1.990573909
1.988498756
1.983619222
1.982604131
1.980033435
1.979960819
1.957504233
1.942784944
1.92797649
1.926786698
1.916883477
1.913525933
1.912675943
1.911316312
1.886040548
1.885801804
1.884624517
1.881705715
1.88019072
1.876610725
1.869081515
1.862073387
1.854792871
1.845562652
1.834510515
1.817874801
1.810782757
1.791682276
1.788210266
1.786850423
1.784338067
1.783447322
1.781998414
1.779588384
1.769688482
1.76917943
1.768941873
1.763383016
1.763195236
1.75669275
1.739585981
1.732603576
1.731378573
1.73133549
1.730193114
1.727469933
1.725536429
1.725277786
1.724644179
1.72405987
1.715471486
1.71488391
1.705891736
1.703932443
1.685850475
1.681646205
1.68061156
1.678666514
1.667693268
1.666932419
1.654165373
1.652989162
1.644374903
1.644153531
1.643995813
1.637893961
1.629302029
1.62603458
1.624343095
1.615034103
1.604686887
1.602958083
1.60100861
1.600215871
1.591643417
1.586320981
1.583419912
1.575223264
1.571161596
1.566645129
1.564919816
1.562139447
1.555135036
1.550545435
1.548799602
1.54342048
1.539921766
1.535571868
1.532693316
1.527680762
1.526862639
1.52647209
1.523630481
1.52298365
1.522658365
1.516047617
1.511146462
1.510030348
1.508660366
1.501351084
1.500918068
1.500476987
1.498620388
1.496933407
1.493786201
1.491236194
1.490801427
1.489989709
1.488615007
1.488061229
1.48497306
1.480470661
1.476661729
1.471218929
1.470985453
1.470401977
1.464479452
1.46066548
1.457480437
1.445029303
1.443999882
1.439951549
1.426600486
1.419222054
1.414099007
1.41302099
1.403664533
1.400299124
1.396357149
1.392525374
1.39167957
1.39116901
1.39062888
1.389993634
1.383341395
1.382762555
1.380693517
1.376490037
1.372762259
1.367981727
1.367039878
1.362393659
1.361080307
1.349447614
1.341194818
1.340802618
1.339422534
1.336615392
1.334443363
1.334170494
1.331210664
1.324332772
1.323357241
1.321834597
1.321560359
1.320698426
1.317349429
1.31333076
1.31333076
1.312478603
1.308942909
1.308331016
1.306545163
1.306010486
1.300853154
1.298124099
1.295942998
1.294939361
1.293959467
1.29371515
1.292409684
1.280055145
1.275202742
1.273233635
1.26880271
1.263348377
1.262643531
1.262274815
1.25630204
1.253569499
1.251309124
1.249065014
1.245133574
1.24457972
1.243467697
1.240693
1.228806992
1.225723996
1.225375987
1.221969022
1.218326419
1.214450298
1.208689254
1.207237337
1.205839724
1.205818569
1.205535279
1.19514048
1.191808738
1.190132725
1.186729124
1.183113135
1.183069851
1.17896864
1.174703844
1.172571289
1.166996959
1.164805029
1.163285475
1.160161922
1.159247454
1.155825868
1.15291312
1.149841474
1.149561765
1.146432398
1.141251762
1.137659736
1.135983653
1.133408021
1.130638229
1.129395722
1.128777697
1.128452669
1.127203627
1.126021765
1.125825713
1.125494629
1.123915378
1.122813908
1.120159273
1.116487968
1.112720578
1.112640596
1.10957711
1.109357098
1.109288496
1.109263901
1.106452287
1.105283318
1.103173118
1.103169211
1.10277582
1.101461656
1.098393776
1.09769605
1.097088251
1.095766587
1.09459162
1.093771608
1.091958361
1.090153695
1.078102294
1.077411642
1.061804906
1.056913231
1.052852488
1.052288065
1.05129407
1.049865102
1.049048809
1.047629016
1.047338481
1.042997954
1.041580619
1.038332838
1.037842188
1.037195497
1.03442041
1.030359555
1.029027978
1.028535547
1.026823478
1.024852167
1.02466905
1.024005322
1.021634292
1.02122161
1.017123722
1.013399413
1.013298256
1.010595979
1.007383425
1.006214617
1.004164831
1.00016811
0.987360564
0.984730871
0.977974203
0.974552753
0.968448238
0.967098707
0.963614324
0.963525972
0.961919318
0.960649554
0.958129271
0.955883339
0.953152796
0.952771408
0.951214077
0.947716405
0.946902121
0.944433916
0.94119881
0.939916245
0.938300355
0.935398095
0.934811083
0.933223964
0.93292909
0.925034057
0.9244783
0.921004447
0.919243418
0.91588324
0.906216648
0.901052425
0.899302185
0.898939629
0.896473315
0.892691677
0.887030259
0.883877789
0.874466722
0.870395334
0.869923478
0.86579058
0.861025163
0.857909344
0.855428034
0.855161039
0.848731678
0.847159917
0.838668481
0.816499866
0.811941031
0.796962825
0.78408005
0.775580939
0.775416471
0.767573863
0.747664223
0.747091688
0.746349508
0.733673819
0.700767777
0.682975164
0.657523399
0.640826884
0.616597938
0.616528022
0.450775154
0.357567861
0.35239113
6.996749237
6.561617597
6.177405137
5.970026914
7.345967035
5.719735378
7.251955518
5.168981913
6.742220658
6.599521909
6.476516217
6.338365074
4.610221872
6.332694062
6.374002837
5.975282706
4.205910308
4.056978535
4.039210613
5.717781522
5.717955816
3.623338944
3.547004478
5.280357268
3.508529882
5.227956082
5.302875748
5.256387251
3.385620142
2.996767921
3.023923538
3.071825709
2.826609463
2.833140615
2.901547702
2.659885006
3.277083043
4.524765219
2.475523041
4.100654233
4.18498077
2.611665162
4.157886388
2.375968848
2.440623868
2.245681814
4.046720749
2.270331875
2.253073166
3.944408528
2.080066883
3.704587753
3.861129686
3.727332566
2.399341815
2.961059174
3.710902995
3.922036017
3.907401165
5.138335391
3.360646716
1.901245015
2.204387606
1.876783781
3.619523705
1.81120435
3.418501912
1.96409458
1.723681111
1.945030015
1.854093672
1.739144801
3.459578255
3.491008257
3.408155065
1.853312178
1.818841109
1.515092253
3.416391506
2.993900004
3.134629331
1.962601335
3.298194862
1.728001358
1.74631462
2.726877198
1.573030059
3.177836627
4.363049399
3.366155459
3.090143238
3.174242985
2.856619884
1.610884383
2.185576687
1.772615348
1.587590265
3.754389937
2.798970408
2.897947992
1.574173207
1.514810988
1.473422089
2.845913117
2.915260609
2.843725222
2.851115859
2.948934072
1.393388975
2.68394547
2.627927574
2.782573551
2.8262301
1.576817371
2.859187937
2.270789421
2.61139341
1.685199383
2.743915355
2.549806078
1.088279674
1.340774891
1.66190831
1.503919078
1.441703012
1.116870864
2.18630178
4.069380976
3.986775721
2.561716933
2.641969875
1.378143477
1.546004933
1.25071261
2.883292114
1.530645955
1.736226045
2.523630055
2.743219123
2.445704724
2.470849591
2.371933448
1.472567332
2.561410355
1.518371856
2.931981831
0.950730326
2.277985291
2.373391682
2.431202329
1.502338009
1.6902761
2.615587667
1.254160951
1.989748872
1.792674216
2.275002044
2.590322506
1.362605685
1.479464588
1.554255299
0.786490817
1.248749806
2.2807912
1.656877547
1.700435288
1.966738375
1.603949945
2.034122304
2.280436527
2.440459065
3.295829598
1.746537765
1.29049472
1.203195364
2.533300316
2.21301574
1.720667638
1.618048942
1.037155151
1.388817854
2.1508766
0.762760262
2.201356405
1.184373555
1.637241413
5.56390343
1.985352597
2.095856563
1.365428079
2.132991312
1.359132245
0.879052972
1.9745676
1.931945158
2.064481164
1.386298286
1.566346037
1.47465615
1.766851616
0.803126284
2.294699494
1.934383144
1.023571054
1.372413092
1.113184865
2.597629286
1.266163912
1.576823048
1.546357829
1.888992447
1.76706285
1.850038153
1.074216684
1.230264651
1.863341452
5.346570941
2.147649182
1.833990152
1.203057482
1.934492042
1.204458986
1.768969981
1.477263964
5.868750832
1.688450608
2.01828452
1.969633133
1.476322813
1.853685477
1.028667447
0.932657296
1.090288268
1.624406509
2.065520474
1.76789863
1.736050385
4.680006124
1.854725921
2.131950019
1.755367354
1.728666287
0.745694295
2.890294783
1.740335542
1.309977078
1.004196464
0.757040086
0.936807981
1.753516321
1.719877879
1.114788863
1.79121179
0.911374849
1.932618143
4.819764068
1.509487439
1.683212938
0.797698439
1.142323101
0.985311287
0.492137356
1.088965506
1.754618798
1.835645596
1.214062208
0.930119571
1.073021476
1.397622096
4.429358977
0.985035778
1.177824678
0.875657771
1.649703321
1.603493622
1.50901367
1.685229219
1.595138079
1.691164812
1.719453935
1.525191931
1.344937614
0.603223186
0.773208909
1.476670694
4.047885419
1.520505396
1.508313886
0.950179567
0.81704789
1.392130364
1.31729371
1.594649832
1.577505687
1.364460754
1.68994951
1.423747328
1.842937069
1.556398148
0.551027694
1.032402528
0.809706195
1.411822254
1.072677807
1.378533171
1.26714046
5.130133812
1.286218959
4.77902962
1.6337731
0.824169108
2.546424297
1.365435092
1.295444529
4.270632932
1.500819192
1.455916595
1.765154762
0.655345033
1.635125146
1.883699471
1.305090342
1.39302842
1.271306877
1.472019903
1.757662464
1.441479255
1.477940148
1.152032925
1.396339663
0.840566976
1.147199145
1.421043341
1.504720444
4.1032059
1.424182009
0.988992588
1.242536856
1.174439494
0.439688279
1.807632834
1.86624991
1.602537666
1.425314127
0.758099942
1.57042319
1.047177342
0.6884419
1.614200848
1.124487969
0.787996609
0.858248816
0.903375491
1.213514197
1.433177992
1.617695551
1.420042992
1.967772983
0.645765176
4.600957755
1.358686498
1.101495575
0.856463634
1.38336403
1.098969394
1.208539234
1.189142499
1.016849743
1.246684989
1.196314651
1.049898069
1.460409482
1.029538392
1.315803916
0.967693919
1.329680211
2.32128613
1.303915796
1.227067648
0.737929437
1.313604098
1.019185389
1.137809452
4.289013589
4.361680416
1.375363738
1.313611485
1.130108451
0.701684663
1.031023279
1.098824213
1.082975381
1.08243303
1.107724909
0.690679276
1.257979043
0.874951166
1.344430243
0.928769992
1.20293019
1.216997694
1.525322583
1.338005531
0.842752559
1.277560783
1.161012868
0.797491602
0.904924914
0.77859259
0.946193841
1.162864739
1.131248774
1.191051599
0.80024944
1.272030947
1.077884596
0.993874191
1.383833342
1.187671476
0.990372687
1.131033479
0.900939238
1.07660015
1.042340749
0.835824172
0.755813225
0.589098914
0.969818273
1.244934674
0.634341707
0.99082744
0.887815615
0.511637756
1.134732631
1.149087946
0.848336869
3.147114397
1.461335683
1.294484491
1.112336089
0.817675321
1.177559943
1.166472654
0.277159086
1.252748951
0.94080977
3.648756815
0.857464861
1.329771585
1.081364748
1.150618033
3.621728695
1.081086515
0.895864598
1.115075894
1.144064865
1.024126545
0.77184575
1.08406053
0.860799489
1.024804278
0.919681619
1.164108037
1.49765612
0.778866418
0.716878104
3.131424144
1.247640159
0.864986076
0.503289676
0.955083233
0.879100227
0.790787841
0.934257651
0.630550664
0.541280168
1.311792761
1.156426171
0.30514096
0.960228946
1.030569642
0.996200285
1.031830636
1.178804435
0.938952857
2.972192492
1.005404972
0.950120376
0.850420037
1.016371163
1.319042646
0.721060614
1.175148716
1.79528569
1.249741251
4.080031723
3.705915717
0.961773812
1.065119524
1.203174153
1.109491699
1.024096946
0.825861607
0.825645044
0.963356736
0.796145234
1.282383278
0.699586852
0.691731238
1.128578376
3.681211808
0.989754358
1.148781896
1.105353495
0.528204089
0.546743032
0.782839293
0.650515379
0.934704737
1.128607578
0.728288441
1.881347517
0.968841571
0.660984759
0.826893931
0.85454668
0.709034066
0.955441096
0.993657704
0.673755645
1.026103507
1.576629197
0.36509645
3.347311578
1.031061073
0.910135577
0.769686638
0.81753323
0.14321623
0.802987386
0.848993678
2.745190648
0.850641359
0.744367665
0.671921143
1.251584232
0.941385618
0.287293428
1.225188104
1.33454257
0.873502045
1.063230481
0
0.620623628
0.798936796
0.731324826
0.900286972
1.222415324
0.44885276
0.776276463
0.937761144
0.547097383
1.096695082
0.860387833
0.672862847
0.538528342
0.459524273
0.907273865
2.294204079
1.018234488
0.846010212
0.786442552
0.272722691
0.713970464
0.761467091
0.712017701
0.788687121
0.817936923
0.908489788
0.378395411
0.848985281
0.61862338