0.00000
0.00000
0.00000
0.00000
0.00000
0.00000
0.00000
0.00000
0.00000
0.00000
0.00000
0.00000
0.00000
0.00000
0.00000
0.00000
0.00000
0.00000
0.00000
0.00000
3.72206
-2.12446
-3.92884
-0.25460
1.65220
0.00000
0.00000
0.00000
0.00000
0.00000
0.00000
0.00000
0.00000
0.00000
0.00000
0.00000
0.00000
0.00000
0.00000
0.00000
0.00000
0.00000
0.00000
0.00000
-2.02327
-1.39737
-4.87101
-2.33370
-1.24802
0.00000
0.00000
0.00000
0.00000
0.00000
0.00000
0.00000
0.00000
0.00000
0.00000
0.00000
0.00000
0.00000
0.00000
0.00000
0.00000
0.00000
0.00000
0.43866
-3.93929
-0.51882
-3.32083
0.20922
0.00000
0.00000
0.00000
0.00000
0.00000
0.00000
0.00000
0.00000
0.00000
0.00000
0.00000
0.00000
0.00000
0.00000
0.00000
0.00000
0.00000
-1.89561
1.76824
-1.61166
1.20715
-1.19595
0.00000
0.00000
0.00000
0.00000
0.00000
0.00000
0.00000
0.00000
0.00000
0.00000
0.00000
0.00000
0.00000
0.00000
0.00000
0.00000
0.75217
1.32555
-1.38760
1.38353
-0.02167
0.00000
0.00000
0.00000
0.00000
0.00000
0.00000
0.00000
0.00000
0.00000
0.00000
0.00000
0.00000
0.00000
0.00000
0.00000
1.24959
2.01480
-2.44793
1.56691
0.49948
0.00000
0.00000
0.00000
0.00000
0.00000
0.00000
0.00000
0.00000
0.00000
0.00000
0.00000
0.00000
0.00000
0.00000
0.36568
-3.03244
-1.41211
5.16709
-0.67295
0.00000
0.00000
0.00000
0.00000
0.00000
0.00000
0.00000
0.00000
0.00000
0.00000
0.00000
0.00000
0.00000
0.43986
1.41629
-1.41738
1.45360
0.04815
0.00000
0.00000
0.00000
0.00000
0.00000
0.00000
0.00000
0.00000
0.00000
0.00000
0.00000
0.00000
0.87235
1.87144
-2.07727
-0.63072
0.76074
0.00000
0.00000
0.00000
0.00000
0.00000
0.00000
0.00000
0.00000
0.00000
0.00000
0.00000
-0.91476
1.82774
-1.56014
1.45644
0.53762
0.00000
0.00000
0.00000
0.00000
0.00000
0.00000
0.00000
0.00000
0.00000
0.00000
-3.57513
1.14359
-1.17905
2.18389
1.72140
0.00000
0.00000
0.00000
0.00000
0.00000
0.00000
0.00000
0.00000
0.00000
-10.90054
1.66137
-0.09471
1.69811
1.67185
0.00000
0.00000
0.00000
0.00000
0.00000
0.00000
0.00000
0.00000
0.45491
1.40563
-1.37277
1.34180
0.04134
0.00000
0.00000
0.00000
0.00000
0.00000
0.00000
0.00000
-0.15343
1.78519
-1.30588
1.55890
0.18335
0.00000
0.00000
0.00000
0.00000
0.00000
0.00000
0.35222
1.40240
-1.30877
1.24790
0.05565
0.00000
0.00000
0.00000
0.00000
0.00000
1.71569
2.73713
-3.69650
2.09993
1.33341
0.00000
0.00000
0.00000
0.00000
0.87490
1.59688
-1.51973
1.49506
0.02442
0.00000
0.00000
0.00000
0.50171
1.35292
-1.43178
1.55716
-0.00835
0.00000
0.00000
0.04086
1.50652
-1.31767
1.06334
0.04153
0.00000
0.37588
1.13695
-1.30272
2.03809
-0.00304
0.00000
0.00000
0.00000
0.00000
0.00000
0.00000
0.00000
0.00000
0.00000
0.00000
0.00000
0.00000
0.00000
0.00000
0.00000
