0.00000
0.00000
0.00000
0.00000
0.00000
0.00000
0.00000
0.00000
0.00000
0.00000
0.00000
0.00000
0.00000
0.00000
0.00000
0.00000
0.00000
0.00000
0.00000
0.00000
0.45285
0.46278
1.29607
0.34808
0.18128
0.00000
0.00000
0.00000
0.00000
0.00000
0.00000
0.00000
0.00000
0.00000
0.00000
0.00000
0.00000
0.00000
0.00000
0.00000
0.00000
0.00000
0.00000
0.00000
0.57321
0.58069
1.41698
0.46935
0.29786
0.00000
0.00000
0.00000
0.00000
0.00000
0.00000
0.00000
0.00000
0.00000
0.00000
0.00000
0.00000
0.00000
0.00000
0.00000
0.00000
0.00000
0.00000
0.36294
0.37518
1.21814
0.26763
0.09196
0.00000
0.00000
0.00000
0.00000
0.00000
0.00000
0.00000
0.00000
0.00000
0.00000
0.00000
0.00000
0.00000
0.00000
0.00000
0.00000
0.00000
0.34447
0.34925
1.21008
0.23705
0.06199
0.00000
0.00000
0.00000
0.00000
0.00000
0.00000
0.00000
0.00000
0.00000
0.00000
0.00000
0.00000
0.00000
0.00000
0.00000
0.00000
0.30291
0.30849
1.14496
0.20771
0.02682
0.00000
0.00000
0.00000
0.00000
0.00000
0.00000
0.00000
0.00000
0.00000
0.00000
0.00000
0.00000
0.00000
0.00000
0.00000
0.33169
0.33193
1.18697
0.23524
0.05429
0.00000
0.00000
0.00000
0.00000
0.00000
0.00000
0.00000
0.00000
0.00000
0.00000
0.00000
0.00000
0.00000
0.00000
0.34506
0.34594
1.19442
0.24183
0.06028
0.00000
0.00000
0.00000
0.00000
0.00000
0.00000
0.00000
0.00000
0.00000
0.00000
0.00000
0.00000
0.00000
0.30238
0.31053
1.15620
0.20689
0.02646
0.00000
0.00000
0.00000
0.00000
0.00000
0.00000
0.00000
0.00000
0.00000
0.00000
0.00000
0.00000
0.33525
0.33982
1.18006
0.23988
0.05664
0.00000
0.00000
0.00000
0.00000
0.00000
0.00000
0.00000
0.00000
0.00000
0.00000
0.00000
0.32014
0.32128
1.15407
0.22169
0.04537
0.00000
0.00000
0.00000
0.00000
0.00000
0.00000
0.00000
0.00000
0.00000
0.00000
0.33557
0.34948
1.16767
0.24467
0.05544
0.00000
0.00000
0.00000
0.00000
0.00000
0.00000
0.00000
0.00000
0.00000
0.36773
0.37907
1.20567
0.26877
0.08778
0.00000
0.00000
0.00000
0.00000
0.00000
0.00000
0.00000
0.00000
0.30321
0.31291
1.13754
0.20900
0.02669
0.00000
0.00000
0.00000
0.00000
0.00000
0.00000
0.00000
0.30219
0.31661
1.12796
0.20976
0.03007
0.00000
0.00000
0.00000
0.00000
0.00000
0.00000
0.30046
0.30973
1.14552
0.20302
0.02646
0.00000
0.00000
0.00000
0.00000
0.00000
0.37731
0.38077
1.22735
0.27146
0.10149
0.00000
0.00000
0.00000
0.00000
0.30720
0.31786
1.15765
0.20323
0.02768
0.00000
0.00000
0.00000
0.30508
0.31087
1.13862
0.20273
0.02717
0.00000
0.00000
0.30437
0.31892
1.16337
0.20818
0.02772
0.00000
0.30606
0.31064
1.13844
0.20206
0.02671
0.00000
0.00000
0.00000
0.00000
0.00000
0.00000
0.00000
0.00000
0.00000
0.00000
0.00000
0.00000
0.00000
0.00000
0.00000
