0.00000
0.00000
0.00000
0.00000
0.00000
0.00000
0.00000
0.00000
0.00000
0.00000
0.00000
0.00000
0.00000
0.00000
0.00000
0.00000
0.00000
0.00000
0.00000
0.00000
0.06710
0.00741
0.02444
0.13755
0.08968
0.00000
0.00000
0.00000
0.00000
0.00000
0.00000
0.00000
0.00000
0.00000
0.00000
0.00000
0.00000
0.00000
0.00000
0.00000
0.00000
0.00000
0.00000
0.00000
0.26713
0.20395
0.22550
0.33943
0.28710
0.00000
0.00000
0.00000
0.00000
0.00000
0.00000
0.00000
0.00000
0.00000
0.00000
0.00000
0.00000
0.00000
0.00000
0.00000
0.00000
0.00000
0.00000
0.36963
0.30192
0.32534
0.43858
0.38543
0.00000
0.00000
0.00000
0.00000
0.00000
0.00000
0.00000
0.00000
0.00000
0.00000
0.00000
0.00000
0.00000
0.00000
0.00000
0.00000
0.00000
0.06684
0.00726
0.02372
0.13378
0.08731
0.00000
0.00000
0.00000
0.00000
0.00000
0.00000
0.00000
0.00000
0.00000
0.00000
0.00000
0.00000
0.00000
0.00000
0.00000
0.00000
0.06773
0.00719
0.02348
0.13586
0.08648
0.00000
0.00000
0.00000
0.00000
0.00000
0.00000
0.00000
0.00000
0.00000
0.00000
0.00000
0.00000
0.00000
0.00000
0.00000
0.29906
0.23787
0.26030
0.37692
0.31652
0.00000
0.00000
0.00000
0.00000
0.00000
0.00000
0.00000
0.00000
0.00000
0.00000
0.00000
0.00000
0.00000
0.00000
0.06841
0.00733
0.02548
0.13856
0.09067
0.00000
0.00000
0.00000
0.00000
0.00000
0.00000
0.00000
0.00000
0.00000
0.00000
0.00000
0.00000
0.00000
0.06686
0.00740
0.02530
0.13949
0.09059
0.00000
0.00000
0.00000
0.00000
0.00000
0.00000
0.00000
0.00000
0.00000
0.00000
0.00000
0.00000
0.06745
0.00738
0.02356
0.13933
0.08850
0.00000
0.00000
0.00000
0.00000
0.00000
0.00000
0.00000
0.00000
0.00000
0.00000
0.00000
0.29264
0.22407
0.24289
0.35983
0.30575
0.00000
0.00000
0.00000
0.00000
0.00000
0.00000
0.00000
0.00000
0.00000
0.00000
0.06873
0.00727
0.02493
0.13569
0.08955
0.00000
0.00000
0.00000
0.00000
0.00000
0.00000
0.00000
0.00000
0.00000
0.13347
0.07419
0.09166
0.20401
0.15535
0.00000
0.00000
0.00000
0.00000
0.00000
0.00000
0.00000
0.00000
0.07097
0.00732
0.02447
0.14040
0.08886
0.00000
0.00000
0.00000
0.00000
0.00000
0.00000
0.00000
0.07517
0.01773
0.03385
0.14233
0.09202
0.00000
0.00000
0.00000
0.00000
0.00000
0.00000
0.08471
0.02479
0.04308
0.15164
0.10245
0.00000
0.00000
0.00000
0.00000
0.00000
0.06624
0.00731
0.02397
0.13828
0.08735
0.00000
0.00000
0.00000
0.00000
0.10519
0.04275
0.06003
0.17138
0.12070
0.00000
0.00000
0.00000
0.16981
0.10736
0.12625
0.23291
0.18556
0.00000
0.00000
0.06763
0.00953
0.02423
0.13778
0.08813
0.00000
0.19151
0.12807
0.15162
0.26685
0.21406
0.00000
0.00000
0.00000
0.00000
0.00000
0.00000
0.00000
0.00000
0.00000
0.00000
0.00000
0.00000
0.00000
0.00000
0.00000
